100489
103823
109561
113569
117649
120409
121801
124609
128881
130321
131072
134689
139129
143641
146689
148877
151321
157609
160801
161051
167281
175561
177147
177241
185761
187489
192721
196249
201601
205379
208849
212521
214369
218089
226981
229441
237169
241081
249001
253009
259081
262144
271441
273529
279841
292681
299209
300763
310249
316969
323761
326041
332929
344569
351649
357911
358801
361201
368449
371293
375769
380689
383161
389017
390625
398161
410881
413449
418609
426409
434281
436921
452929
458329
466489
477481
491401
493039
502681
516961
524288
528529
531441
537289
546121
552049
564001
571787
573049
579121
591361
597529
619369
635209
654481
657721
674041
677329
683929
687241
703921
704969
707281
727609
734449
737881
744769
769129
776161
779689
786769
822649
823543
829921
844561
863041
877969
885481
896809
908209
912673
923521
935089
942841
954529
966289
982081
994009
