171371
172189
176279
176399
177097
179551
180589
181187
181427
181451
182293
183641
183941
184819
185617
186503
186623
186913
188131
188549
189029
189209
189367
190087
190933
191003
191483
191819
192397
193159
193519
193997
194081
194417
194477
194923
195673
195911
196607
196967
197111
197881
198691
198907
199183
199553
199613
200479
200623
200701
200819
201277
201659
202211
202379
202451
203257
204053
204091
204223
205013
205027
205109
205193
205727
205729
206449
206711
206881
206989
207407
207887
208181
209081
209683
209897
210079
210281
210677
210757
210871
211591
211621
211763
212197
212603
213089
213271
213419
213443
213793
213907
214289
215069
215071
215287
215549
215741
216067
216221
216793
217513
217799
218299
218663
218903
219061
219137
219341
219379
220183
220397
220459
220817
220819
221057
221269
221777
222559
222829
223451
223693
223723
224051
224387
224507
224551
225413
225481
225487
225593
225847
226351
226459
226679
227333
227429
227761
227813
228043
228541
228719
229193
229297
229597
229871
230039
230267
230287
230803
231037
231689
231883
232613
232721
232889
233033
233171
233273
233383
233539
233929
234253
234497
234649
234827
234901
235189
235667
235757
235897
235993
236851
237023
237499
237703
238097
238411
239011
239021
239117
239249
239549
239663
240067
240083
240133
240181
240391
240937
241103
241181
241223
241763
242149
242321
242537
242653
242909
242917
243013
243307
243779
243811
244241
244523
244961
244991
245009
245239
245603
245809
245953
246101
246377
246751
246973
247127
247157
247237
247243
247883
248263
248467
248687
249401
249409
249559
249653
249791
249841
249919
249979
250093
250483
250517
250669
250717
250981
250997
251819
252067
252167
252179
252353
252647
252787
252953
252997
253021
253171
253261
253303
253727
253991
254171
254333
254549
254701
255449
255481
255547
255583
255611
255811
256027
256379
256769
256777
256793
256847
257291
257693
257891
258073
258079
258169
258523
259031
259073
259139
259361
259367
259543
259757
259979
260033
260041
260119
260233
260327
260599
260669
260947
260977
261617
262013
262063
262169
262309
262699
262831
262921
262961
262987
263069
263231
263447
263467
263563
263689
263839
264203
264373
264389
264623
265189
265357
265429
265631
265651
265723
265927
265997
266207
266243
266257
266389
266473
266657
266789
266803
267077
267151
267161
268027
268259
268577
268579
268901
268951
269107
269417
269459
269531
269677
269849
269861
269959
270349
270607
270703
270863
271001
271093
271259
271559
271741
271781
271961
272123
272387
272483
272543
272551
272953
273223
273331
273373
273487
273509
273607
273743
274129
274181
274217
274559
274657
274913
275141
275237
275257
275369
276121
276139
276271
276383
276433
276893
276931
276959
277009
277033
277061
277103
277133
277337
277399
277439
277553
277931
277943
278077
278263
278281
278419
278423
278857
279347
279379
279533
279733
279827
280141
280151
280171
280361
280667
280937
280999
281041
281173
281399
281443
281861
281969
281987
282277
282593
282619
282749
282883
282943
283189
283307
283319
283333
283469
283513
283663
283819
283931
283963
284029
284033
284047
284437
284849
284891
284929
284987
285017
285347
285359
285671
285869
286081
286177
286207
286213
286271
286567
286597
286621
286667
286709
286921
287213
287543
287809
287879
287923
288139
288217
288367
288707
288791
289073
289279
289301
289529
289621
289981
290063
290179
290197
290231
290503
290639
290753
290891
290911
291163
291311
291409
291713
291787
291937
292153
292687
292823
292913
292937
293141
293197
293323
293627
293693
293719
293851
294071
294109
294373
294449
294677
295091
295121
295261
295447
295501
295543
295609
295679
295739
295891
295907
295927
296423
296449
296501
296783
296789
297071
297203
297343
297491
297587
297709
297821
298037
298139
298267
298279
298421
298489
298531
298633
298783
298901
299203
299347
299561
299797
299837
299899
299911
300281
300479
300617
300983
301033
301163
301261
301297
301337
301453
301771
301837
302077
302131
302149
302177
302249
302251
302303
302339
302569
302699
302893
302947
303349
303533
303799
303887
303929
303973
304583
304613
304679
304721
304891
304951
305117
305321
305579
305827
305887
305909
306043
306067
306113
306667
306997
307001
307039
307127
307159
307297
307561
307739
307753
307829
307883
307961
307997
308339
308593
308687
308881
308911
308953
308963
309389
309613
309641
309821
309889
309913
310139
310253
310259
310351
310543
311119
311243
311249
311251
311317
311327
311357
311599
312017
312079
312097
312131
312157
312167
312337
312787
312803
313121
313141
313277
313337
313451
313591
314053
314087
314291
314323
314521
314669
314731
314749
314791
314863
314869
315071
315089
315619
315641
315661
315713
315787
315923
316157
316159
316171
316229
316247
316619
316933
317183
317389
317393
317461
317567
317677
318011
318047
318341
318509
318517
318551
318697
318859
318961
319153
319373
319859
319933
319987
320233
320347
320357
320381
320599
320623
320813
320857
320933
321089
321179
321389
321457
321473
321719
321787
321883
321907
322061
322211
322367
322423
322499
322691
322697
322831
322853
323161
323429
323569
323681
323737
323749
323887
324013
324059
324283
324371
324421
324551
324563
324719
324851
324899
325141
325183
325433
325441
325847
325973
326177
326267
326269
326423
326849
326959
327157
327287
327367
327377
327653
327751
327781
327991
328267
328313
328387
328459
328583
328747
328751
328841
329117
329149
329323
329467
329513
329689
329699
329753
329839
330013
330301
330443
330481
330881
330989
331103
331327
331439
331459
331477
331633
331699
331811
332029
332239
332323
332377
332407
332483
332621
332693
332897
332977
333163
333607
333643
333797
333859
333943
333961
334003
334079
334709
334757
334879
334981
335003
335147
335177
335243
335311
335351
335353
335431
335537
335773
335779
335789
335827
336289
336449
336517
336601
336607
337087
337123
337199
337237
337417
337499
337591
337723
337823
337913
338099
338243
338363
338381
338519
338593
338603
338699
338971
339061
339197
339281
339347
339379
339509
339551
339611
339809
339893
340213
340531
340589
340667
340679
340771
340817
340831
341371
341387
341431
341441
341519
341689
341741
341969
342029
342157
342161
342311
342439
342523
342557
343151
343171
343207
343339
343507
343549
343669
343999
344009
344191
344381
344401
344593
344657
344783
344809
344837
345101
345113
345119
345157
345281
345283
345383
345493
345623
345641
345703
345949
346211
346483
346513
346597
346777
346781
346981
347077
347351
347371
347573
347647
347713
347777
347863
348091
348119
348167
348233
348497
348641
348679
348797
348877
348977
349009
349541
349799
349883
350023
350027
350153
350239
350297
350491
350513
350627
350633
350717
350821
351073
351107
351163
351331
351433
351467
351541
351613
351719
351721
351979
352211
352307
352343
352603
352717
352787
352967
353029
353071
353219
353261
353273
353363
353449
353519
353701
353791
353851
353909
353981
354049
354071
354509
354713
355151
355207
355253
355387
355493
355843
355897
356009
356029
356047
356309
356353
356359
356393
356437
356519
356627
356809
356957
356971
357037
357163
357191
357209
357299
357407
357601
357853
357899
358091
358151
358387
358693
358781
358957
359039
359083
359113
359123
359273
359659
359729
359831
359893
359903
359921
359951
359999
360011
360301
360329
360379
360419
360473
360797
360881
360883
360991
361147
361297
361393
361567
361597
361609
361639
361657
361841
362009
362179
362603
362773
362783
362807
362849
363053
363241
363287
363323
363353
363509
363593
363703
363721
363931
364087
364093
364139
364229
364261
364381
364519
364589
364729
364807
364813
365221
365681
365737
365767
365867
365881
365971
366011
366257
366361
366623
367063
367067
367153
367187
367247
367417
367463
367529
367639
367643
368131
368143
368177
368321
368351
368413
368629
368659
368699
368741
368761
369011
369139
369217
369349
369367
369389
369437
369503
369527
369583
369713
369857
369977
370043
370229
370267
370319
370397
370607
370627
370757
370781
370807
370817
370901
370963
371011
371017
371081
371323
371557
371653
371677
371687
371717
371743
371947
371953
372019
372091
372143
372199
372221
372599
372863
372949
373097
373319
373427
373601
373651
373679
373729
373831
373871
374183
374467
374503
374519
374567
374599
374749
374861
374971
375197
375493
375733
375871
376037
376109
376111
376151
376223
376267
376289
376451
376711
376781
376973
377089
377101
377431
377441
377579
377743
377753
377803
377879
377939
377969
377977
377987
378187
378221
378481
378737
378767
378853
378857
378899
379231
379241
379403
379447
379543
379651
379711
379739
379741
379789
379961
380033
380113
380123
380221
380243
380431
380537
380573
380771
381049
381151
381247
381299
381397
381473
381709
381763
381847
381893
381923
382169
382259
382297
382309
382339
382783
382901
382937
382997
383017
383233
383269
383311
383359
383407
383423
383447
383531
383569
383671
383731
383827
383959
384071
384283
384341
384529
384793
384869
384887
385003
385019
385061
385157
385213
385241
385313
385691
385727
386209
386417
386443
386497
386567
386759
386779
386803
386807
386833
386899
387103
387143
387229
387323
387349
387487
387511
387553
387637
387823
388007
388139
388321
388457
388469
388511
388589
388627
388819
388847
388979
389033
389087
389251
389327
389393
389777
389821
389993
390283
390301
390457
390589
390629
390787
390917
391109
391147
391169
391271
391327
391421
391649
391813
391973
392453
392563
392603
392641
392713
392729
392731
392773
392933
392941
393179
393233
393259
393293
393307
393457
393773
393983
394091
394159
394217
394279
394391
394397
394463
394477
394561
394663
394741
394913
394939
394957
395051
395077
395497
395503
395569
395861
395911
395939
395999
396059
396089
396133
396161
396371
396467
396481
396553
396611
396731
396779
396791
396793
397091
397139
397219
397261
397399
397669
397703
397717
397843
397927
398003
398017
398173
398201
398263
398351
398687
398707
398869
399089
399167
399199
399307
399569
399593
399799
399827
399929
400013
400219
400271
400289
400399
400483
400493
400583
400649
400789
400801
400891
400921
400951
401153
401213
401227
401461
401801
401881
401963
402047
402187
402257
402617
402733
402749
402901
403021
403111
403127
403421
403441
403531
403573
403691
403723
403847
403967
404093
404207
404233
404279
404297
404471
404473
404477
404689
404797
404839
404939
405019
405173
405193
405319
405359
405523
405571
405617
405673
405721
405733
406051
406057
406141
406291
406421
406603
406849
406877
406927
407039
407063
407107
407117
407243
407453
407773
407831
407837
407903
407921
407933
408157
408257
408281
408511
408587
408593
408791
408829
408907
409039
409093
409111
409117
409159
409301
409363
409537
409559
409679
409763
410027
410051
410483
410503
410549
410677
410681
410743
410797
410939
411317
411343
411427
411461
411487
411547
411601
411623
411701
411781
411877
411949
412043
412163
412361
412549
412631
412649
412673
412679
412681
412799
412963
413099
413377
413663
413671
413843
413851
413909
413969
414079
414229
414317
414499
414581
414727
414863
415001
415091
415117
415229
415237
415241
415291
415411
415693
415733
415829
415981
416021
416029
416057
416183
416267
416327
416587
416771
416777
416831
416863
416987
417077
417091
417121
417211
417359
417589
417709
417743
417889
418127
418193
418307
418309
418333
418367
418501
418543
418573
418661
418679
418711
418823
418907
419063
419437
419479
419521
419737
419879
419899
419941
419971
419983
420083
420281
420437
420443
420491
420643
420713
420787
420943
421087
421301
421411
421489
421649
421679
421769
421793
421961
421969
421999
422017
422053
422179
422419
422491
422497
422509
422531
422767
422771
422777
422813
422831
422941
422957
423041
423107
423569
423583
423659
423673
423701
423733
423737
423877
424153
424253
424447
424513
424553
424663
424691
424789
424873
424951
425023
425203
425437
425497
425507
425639
425647
425767
426109
426191
426269
426347
426367
426373
426403
426473
426749
426961
427051
427099
427121
427187
427319
427643
427667
427729
427741
427799
427897
428209
428269
428333
428381
428443
428641
428711
428783
428821
428903
428999
429041
429047
429059
429103
429173
429383
429707
429713
429841
429859
430021
430037
430127
430153
430271
430327
430363
430429
430489
430561
430607
430637
430681
430733
430867
430973
431071
431111
431177
431393
431537
431633
431701
431909
431957
431969
431989
432077
432119
432247
432517
432521
432571
432739
432779
432811
432827
432947
433009
433327
433553
433567
433793
433801
433831
433843
433919
433949
433957
434051
434089
434177
434183
434453
434531
434617
434669
434767
434879
434893
435049
435199
435311
435341
435431
435469
435473
435517
435521
435599
435683
435959
435979
436021
436141
436213
436369
436433
436567
436603
436789
436897
436927
437119
437221
437231
437419
437453
437561
437579
437623
437669
437683
437803
438019
438227
438359
438461
438629
438673
438751
438797
438871
439013
439067
439097
439099
439169
439189
439267
439333
439447
439469
439531
439619
439837
440051
440201
440369
440533
440599
440617
440747
440837
441131
441227
441239
441289
441367
441383
441629
441671
441709
441901
441919
442081
442093
442249
442331
442471
442523
442613
442661
442931
442951
443081
443143
443507
443617
443623
443657
443713
443747
443929
444139
444149
444161
444313
444359
444361
444413
444559
444583
444707
444853
444931
444959
444991
445051
445057
445061
445223
445243
445337
445343
445397
445651
445787
445999
446021
446119
446143
446161
446219
446393
446423
446489
446497
446543
446681
446707
446987
447037
447077
447289
447301
447341
447379
447407
447497
447523
447539
447553
447631
447653
447721
447803
447809
447911
448211
448219
448429
448489
448559
448573
448673
448711
448759
448823
448901
449087
449231
449257
449329
449341
449377
449447
449573
449623
449849
449887
450013
450049
450097
450181
450397
450613
450739
450743
451001
451127
451223
451229
451273
451349
451351
451403
451417
451463
451483
451589
451727
452119
452261
452303
452351
452369
452423
452593
452609
452887
452981
453007
453041
453163
453443
453457
453463
453487
453493
453547
453581
453613
453689
453727
453751
453899
454099
454217
454469
454589
454837
454957
455083
455087
455129
455369
455453
455459
455467
455621
455629
455839
455857
455887
455963
456017
456121
456139
456221
456259
456319
456487
456593
456733
456751
456851
456853
456917
457129
457291
457297
457361
457441
457531
457619
457627
457753
457967
458153
458233
458267
458389
458411
458429
458431
458581
458671
458723
458737
458833
458933
459001
459061
459307
459311
459413
459499
459617
459643
459659
459869
459917
460043
460067
460153
460277
460279
460321
460363
460511
460631
460639
460739
460763
460879
461113
461189
461389
461459
461473
461611
461663
461753
461761
461809
461837
461927
461939
461959
461969
462031
462127
462157
462169
462223
462257
462317
462391
462523
462797
462877
462919
462941
462977
463027
463081
463193
463349
463361
463367
463571
463637
463699
463817
463901
464041
464111
464363
464573
464671
464707
464719
464869
464977
465043
465109
465149
465193
465593
465599
465601
465683
465779
466007
466309
466493
466511
466591
466597
466657
466691
466727
466783
466793
466883
466889
466993
467069
467149
467167
467231
467287
467323
467461
467563
467771
467807
467839
467923
467947
467983
468023
468287
468497
468583
468649
468779
468791
468833
469019
469211
469291
469507
469537
469559
469759
469853
469873
469933
470023
470221
470257
470369
470537
470563
470671
470681
470759
470857
470909
470929
471001
471059
471083
471167
471203
471311
471319
471397
471413
471577
471701
471773
471797
471899
471953
472061
472081
472217
472357
472403
472547
472553
472621
472723
472783
472807
472861
472877
472987
473051
473071
473269
473323
473359
473567
473699
473717
473821
473849
473881
474251
474361
474457
474473
474577
474631
474689
474731
474797
474823
474871
474883
475001
475121
475177
475259
475291
475309
475393
475547
475667
475799
475873
476011
476057
476213
476263
476341
476389
476453
476621
476761
476807
476933
476941
477157
477179
477193
477287
477349
477353
477391
477403
477563
477599
477667
477703
477709
477749
477979
478133
478279
478333
478463
478487
478649
478721
478783
478799
478939
478949
478969
478979
478997
479069
479093
479359
479393
479707
479719
479737
479827
479867
479981
479993
480191
480197
480239
480307
480547
480637
480691
480721
480923
481057
481391
481427
481477
481541
481583
481907
481927
482023
482269
482411
482431
482491
482533
482567
482617
482653
482893
483001
483029
483047
483101
483107
483311
483313
483589
483617
483661
483779
483887
484009
484013
484103
484199
484217
484247
484391
484511
484513
484529
484571
484591
484877
485077
485179
485189
485213
485227
485237
485239
485357
485413
485449
485483
485539
485579
485687
485789
485791
485867
485869
485897
485971
486209
486259
486401
486581
486599
486613
486623
486751
486763
486851
486853
487001
487063
487153
487297
487411
487523
487633
487763
487801
487937
488039
488063
488101
488177
488413
488479
488489
488533
488561
488629
488771
488857
489059
489121
489271
489323
489347
489527
489623
489637
489779
489859
489883
489919
490043
490051
490261
490363
490403
490411
490489
490517
490649
490687
490717
490757
490817
491047
491063
491077
491123
491209
491243
491287
491383
491431
491597
491749
491779
491831
492143
492169
492179
492181
492203
492277
492367
492493
492553
492773
492809
492851
492929
492977
492991
492997
493309
493331
493343
493387
493421
493751
493849
494059
494239
494321
494449
494467
494489
494509
494623
494807
494831
494839
494909
494947
495247
495281
495373
495419
495487
495493
495631
495643
495917
496003
496081
496117
496129
496241
496253
496411
496421
496513
496541
496571
496597
496759
496829
496933
496943
497009
497027
497039
497129
497143
497179
497201
497227
497293
497347
497353
497383
497489
497503
497527
497543
497681
497753
497941
497951
498229
498317
498347
498383
498419
498473
498587
498863
499013
499153
499223
499249
499381
499501
499561
499727
499867
500039
500131
500147
500207
500303
500329
500347
500377
500387
500639
500711
500767
500771
501107
501253
501289
501311
501329
501491
501499
501533
501989
502009
502097
502157
502253
502357
502427
502471
502561
502589
502661
502693
502907
502951
503011
503021
503051
503059
503071
503203
503219
503273
503281
503429
503479
503491
503579
503807
503873
504019
504071
504193
504227
504233
504239
504419
504467
504499
504701
504703
504737
504769
505133
505199
505289
505423
505487
505621
505717
505741
505829
505891
505933
505993
506029
506041
506059
506167
506221
506477
506503
506557
506581
506771
506813
506917
506921
506951
507043
507203
507427
507469
507473
507527
507629
507791
507833
507911
508163
508177
508199
508201
508219
508247
508309
508337
508427
508481
508483
509011
509017
509081
509177
509189
509273
509387
509407
509437
509461
509479
509491
509497
509539
509627
509771
509893
509923
510149
510259
510431
510469
510479
510557
510641
510649
510673
510689
510779
510841
510863
510877
510947
510953
510971
511249
511373
511493
511597
511741
511759
511799
511837
511883
511913
512051
512143
512153
512299
512327
512357
512437
512471
512489
512539
512557
512653
512893
512933
513151
513211
513343
513413
513467
513563
513581
513833
513911
513971
514069
514109
514183
514307
514469
514541
514727
514799
514883
514931
514937
514951
515057
515059
515101
515197
515209
515443
515467
515573
515617
515659
515789
515953
516041
516083
516259
516311
516569
516707
516799
516937
517031
517147
517171
517397
517409
517453
517537
517631
517663
517681
517697
517703
517771
517897
517903
518009
518039
518051
518251
518293
518303
518321
518359
518459
518461
518569
518593
518633
518663
518671
518753
518941
519313
519341
519437
519599
519689
519697
519763
519851
519949
520033
520061
520181
520187
520199
520207
520229
520441
520469
520603
520613
520669
520673
520777
520843
520951
521093
521291
521413
521431
521473
521639
521837
521909
521933
522187
522293
522433
522589
522617
522713
522727
522803
522889
522911
523027
523087
523099
523111
523147
523183
523321
523331
523339
523423
523451
523547
523619
523727
523841
523951
524137
524441
524449
524527
524717
524747
524749
524779
524879
525223
525227
525229
525311
525323
525341
525463
525647
525689
525779
525797
525829
525841
525851
525991
526007
526261
526301
526451
526567
526787
526817
526921
526961
527027
527077
527113
527201
527239
527243
527479
527521
527531
527543
527647
527707
527719
527773
527903
527959
528007
528019
528277
528337
528499
528557
528601
528653
528769
528851
528917
528949
529019
529189
529369
529409
529439
529481
529559
529583
529651
529699
529783
529799
530003
530039
530107
530263
530269
530437
530459
530473
530483
530561
530611
530657
530683
530821
530899
531137
531187
531211
531313
531317
531341
531379
531389
531491
531533
531721
531761
531803
531941
532043
532109
532157
532291
532339
532409
532459
532471
532481
532507
532799
532891
532913
532927
532937
532963
533023
533047
533087
533131
533147
533153
533161
533431
533461
533683
533717
533839
533941
533983
534143
534197
534217
534239
534263
534419
534449
534563
534689
534749
534757
534767
534959
535027
535043
535063
535069
535147
535429
535621
535657
535681
535901
535981
536033
536071
536113
536131
536143
536363
536381
536539
536663
536713
536897
537151
537161
537253
537311
537359
537419
537517
537521
537577
537601
537617
537701
537707
537799
537851
537917
538193
538243
538319
538409
538451
538459
538469
538619
538627
538843
539069
539131
539213
539249
539377
539453
539471
539477
539531
539549
539569
539717
539831
539969
540031
540049
540053
540083
540091
540143
540161
540223
540259
540289
540409
540649
540737
540767
540791
540817
540847
540929
541039
541067
541109
541279
541319
541337
541573
541687
541789
541873
542029
542077
542173
542257
542357
542413
542459
542629
542669
542681
542743
542833
542863
542957
543043
543121
543293
543397
543443
543511
543577
543731
543817
543979
544003
544121
544163
544189
544283
544351
544409
544421
544441
544447
544457
544519
544553
544619
544637
544811
544967
544993
545107
545119
545147
545201
545221
545323
545333
545339
545359
545407
545689
545803
545869
545957
545977
546037
546311
546419
546433
546529
546577
546647
546673
546761
546773
546803
546857
546901
547159
547207
547279
547403
547511
547531
547571
547633
547693
547721
547867
547969
547991
548033
548057
548311
548447
548479
548563
548627
548773
548857
549047
549053
549077
549127
549337
549581
549673
549779
549823
549881
549973
550019
550051
550223
550247
550339
550387
550397
550481
550483
550549
550619
550727
550897
551051
551249
551279
551329
551393
551527
551687
551791
551821
551891
551923
551987
552157
552287
552319
552337
552359
552361
552367
552499
552533
552547
552661
552701
552719
552781
552901
552911
552941
552973
552977
553183
553247
553283
553307
553387
553391
553429
553499
553661
553807
553823
553879
553913
554111
554329
554339
554341
554441
554479
554579
554809
554881
554903
554909
554989
555299
555319
555329
555413
555539
555559
555641
555773
555787
555817
555889
555911
555913
555949
555991
556013
556063
556141
556169
556337
556421
556471
556571
556649
556949
557009
557077
557131
557171
557173
557383
557393
557737
557771
557813
557827
557833
557867
557917
557933
557959
557983
557993
558013
558137
558329
558361
558373
558443
558487
558667
558697
558853
558911
559003
559007
559019
559063
559087
559103
559193
559327
559411
559423
559619
559621
559697
559879
560267
560377
560401
560537
560603
560731
560743
560801
560867
560909
560927
561037
561233
561263
561293
561311
561427
561433
561481
561511
561557
561571
561593
561601
561619
561653
561851
561971
562013
562087
562099
562109
562127
562157
562379
562451
562567
563137
563237
563317
563333
563347
563371
563471
563539
563659
563677
563729
563803
563833
563879
563903
563909
563911
563957
564199
564241
564481
564647
564721
564763
564829
564841
564869
565051
565073
565129
565141
565291
565309
565423
565541
565699
565711
565853
565861
565871
565931
566003
566081
566123
566207
566249
566327
566381
566471
566477
566483
566569
566597
566609
566749
567023
567109
567191
567253
567293
567311
567419
567491
567509
567583
567629
567769
567799
567887
568003
568067
568291
568333
568339
568369
568411
568489
568501
568507
568511
568553
568567
568573
568591
568693
568697
568717
568759
568861
569027
569147
569287
569351
569383
569453
569477
569953
569977
570007
570257
570259
570277
570319
570341
570443
570593
570793
570847
571027
571033
571127
571139
571141
571187
571247
571301
571367
571447
571457
571511
571537
571607
571639
571807
571913
571937
571993
572017
572149
572191
572317
572681
572731
572753
572773
572839
572981
573037
573043
573193
573373
573431
573499
573581
573697
573731
573773
573803
573889
573943
574001
574069
574121
574267
574271
574339
574349
574381
574571
574591
574661
574663
574823
574829
574841
574877
574897
574961
574999
575051
575083
575147
575269
575279
575287
575293
575347
575363
575381
575507
575521
575789
575803
576067
576077
576139
576281
576343
576397
576599
576761
576833
576869
576871
576923
577021
577229
577481
577519
577679
577789
577943
578033
578069
578107
578129
578287
578329
578423
578471
578639
578723
578761
578953
579001
579041
579211
579233
579361
579419
579659
579697
579727
579749
579811
579871
579889
579919
579959
580003
580007
580189
580337
580367
580399
580453
580511
580523
580579
580597
580799
580949
580991
581027
581129
581167
581387
581401
581461
581543
581579
581593
581629
581671
581717
581849
581897
581957
582007
582089
582133
582193
582341
582353
582479
582553
582599
582817
582917
582919
582943
582991
583109
583201
583283
583507
583571
583589
583643
583663
583951
584149
584189
584191
584201
584251
584293
584299
584317
584329
584461
584501
584503
584533
584741
584743
584887
584957
584989
585047
585083
585161
585203
585209
585223
585239
585331
585407
585763
585773
585817
585859
586097
586181
586193
586199
586307
586331
586343
586591
586639
586697
586829
586843
586877
586969
587177
587329
587663
587761
587777
587861
587953
587963
588001
588067
588139
588143
588209
588253
588551
588691
588697
588701
588817
588979
588983
589013
589073
589079
589117
589177
589313
589319
589397
589417
589423
589429
589597
589619
589649
589691
589843
589907
589987
590221
590231
590299
590371
590467
590587
590731
590783
590917
590977
591037
591191
591221
591247
591251
591313
591463
591713
591737
591763
591823
591911
591967
592091
592171
592177
592187
592231
592271
592283
592313
592523
592679
592729
592771
592913
592997
593039
593129
593189
593269
593459
593477
593569
593609
593729
593771
594029
594043
594229
594259
594277
594437
594463
594509
594557
594589
594593
594613
594631
594851
594883
594887
595151
595211
595223
595307
595433
595471
595489
595583
595591
595601
595759
595823
596039
596041
596051
596237
596333
596359
596437
596639
596681
596723
596731
596777
596807
596867
596881
596951
597061
597203
597293
597299
597343
597347
597479
597547
597557
597713
597733
597791
597851
597871
597913
597917
597953
597973
598019
598153
598271
598321
598337
598469
598523
598547
598573
598751
598901
598907
598979
598991
599083
599107
599161
599197
599299
599327
599329
599497
599503
599527
599671
599761
599969
600059
600079
600107
600113
600121
600349
600427
600493
600499
600511
600617
600683
600709
600713
600757
600767
601049
601063
601087
601129
601229
601343
601537
601609
601639
601723
601793
601847
601963
601973
602159
602171
602363
602419
602491
602527
602573
602579
602683
602747
602783
602809
602897
602923
602941
602969
603019
603061
603089
603181
603241
603259
603289
603293
603329
603341
603439
603697
603709
604103
604183
604267
604297
604391
604421
604763
604777
604847
604963
605063
605141
605179
605197
605203
605273
605287
605453
605459
605581
605621
605699
605729
605767
605819
605821
605831
605923
606007
606191
606239
606259
606293
606371
606409
606427
606439
606511
606517
606547
606623
606637
606719
606787
606973
607027
607237
607279
607283
607367
607459
607483
607543
607559
607567
607613
607657
607687
607969
608059
608183
608197
608239
608249
608261
608263
608351
608477
608501
608771
608801
608807
608813
608827
608921
608981
609001
609031
609061
609187
609893
609953
610003
610091
610097
610139
610153
610177
610277
610369
610381
610399
610411
610637
610697
610789
610871
610873
610999
611029
611089
611153
611161
611309
611321
611383
611447
611489
611579
611623
611683
611713
611747
611783
611861
611867
611981
612151
612197
612211
612413
612419
612433
612463
612569
612631
612641
612701
612709
612779
612893
612917
613091
613103
613133
613259
613271
613307
613313
613351
613429
613621
613783
613927
614039
614069
614161
614233
614239
614269
614281
614371
614401
614461
614473
614557
614777
614891
614987
615037
615149
615169
615301
615359
615649
615763
615899
615947
615973
616081
616127
616159
616183
616349
616477
616487
616571
616591
616747
616813
616907
616937
617143
617171
617263
617417
617431
617483
617563
617569
617581
617611
617621
617623
617663
617713
617891
617999
618073
618169
618187
618389
618391
618427
618487
618503
618517
618533
618551
618757
618767
618983
619193
619291
619357
619453
619481
619631
619709
619747
619757
619847
620021
620069
620119
620131
620209
620273
620489
620497
620539
620677
620779
620801
620833
620969
620989
621077
621263
621377
621497
621553
621781
621787
621793
621899
621917
621977
622001
622057
622121
622163
622169
622211
622213
622309
622361
622411
622507
622553
622579
622691
622807
622873
622907
622961
623011
623039
623053
623087
623179
623243
623251
623377
623501
623657
623659
623773
623891
623939
623981
624073
624103
624137
624187
624193
624343
624353
624367
624439
624493
624571
624629
624647
624697
624719
624781
624821
625021
625217
625249
625321
625357
625381
625511
625561
625567
625649
625721
625817
625873
625967
626027
626039
626047
626053
626179
626243
626257
626303
626387
626453
626551
626579
626737
626869
626903
627007
627031
627047
627199
627239
627331
627401
627421
627461
627503
627553
627607
627677
627743
627989
628027
628081
628123
628151
628181
628211
628237
628241
628247
628283
628351
628553
628717
628723
628829
628853
628871
628883
628933
629087
629107
629149
629173
629183
629347
629501
629507
629549
629597
629633
629647
629813
629933
629953
629957
630089
630103
630143
630187
630359
630367
630389
630449
630563
630601
630661
630673
630691
630761
630869
631021
631079
631087
631117
631349
631451
631639
631651
631721
631747
631801
631973
631999
632003
632069
632119
632161
632249
632579
632641
632759
632887
632899
632921
632953
632969
633047
633109
633229
633239
633277
633293
633323
633439
633511
633541
633587
633779
633881
633917
634001
634057
634063
634349
634399
634507
634561
634633
634801
634819
634877
635029
635123
635177
635231
635233
635539
635573
635587
635627
635633
635699
635741
635807
635963
636001
636127
636131
636161
636179
636431
636491
636509
636641
636679
636683
636737
636743
636751
636827
636907
636943
636989
637057
637183
637213
637223
637253
637331
637361
637477
637501
637579
637631
637661
637753
637757
637807
637867
637957
637981
638069
638137
638189
638221
638237
638257
638311
638389
638479
638611
638791
638863
638921
638927
638987
639077
639173
639187
639203
639271
639343
639403
639427
639629
639773
639889
639893
639971
640217
640309
640331
640417
640487
640501
640537
640603
640723
640817
640831
640897
640903
641021
641063
641071
641107
641119
641177
641183
641191
641209
641233
641273
641351
641369
641489
641591
641621
641737
641759
641831
641899
641939
641941
642139
642167
642221
642331
642353
642401
642469
642539
642703
642767
642793
642841
642989
643037
643063
643141
643211
643327
643337
643417
643483
643607
643679
643813
643843
643871
643913
643939
644027
644209
644219
644251
644263
644477
644509
644551
644591
644659
644737
644773
644849
644927
644939
645059
645109
645181
645191
645241
645349
645413
645721
645769
645773
645797
645811
645899
646007
646069
646111
646127
646249
646337
646367
646469
646517
646769
646801
646951
646963
647123
647203
647233
647239
647447
647461
647467
647629
647701
647737
647791
647797
647971
648013
648103
648113
648149
648367
648467
648547
648611
648749
648787
648883
649031
649067
649133
649139
649199
649289
649331
649333
649373
649549
649603
649703
649741
649763
649993
650159
650171
650197
650231
650263
650311
650393
650521
650561
650569
650707
650729
650791
650849
650899
650983
651011
651037
651041
651059
651113
651229
651241
651359
651433
651499
651557
651571
651611
651619
651653
651823
651919
652129
652133
652139
652177
652193
652247
652367
652391
652397
652423
652537
652571
652793
652823
653047
653053
653069
653173
653179
653221
653227
653287
653291
653333
653483
653509
653671
653699
653813
654079
654263
654337
654377
654403
654461
654583
654637
654659
654707
654769
654793
654809
654881
654919
655009
655051
655091
655217
655297
655409
655411
655427
655493
655609
655679
655691
655871
655931
655939
655957
656003
656057
656069
656083
656099
656101
656233
656339
656413
656503
656573
656743
656759
656837
656893
656947
656969
657023
657103
657119
657221
657263
657367
657421
657521
657623
657637
657667
657817
657847
657997
658003
658061
658081
658181
658249
658363
658397
658457
658523
658627
658661
658741
658769
658849
658877
659017
659033
659041
659119
659179
659201
659273
659293
659297
659369
659389
659459
659573
659627
659641
659707
659717
659809
659861
660173
660293
660461
660479
660571
660587
660613
660697
660701
660713
660761
660871
661159
661279
661391
661399
661429
661489
661499
661559
661601
661627
661631
661643
661711
661747
661919
662153
662171
662173
662209
662237
662297
662381
662461
662723
662807
662903
662923
662933
662989
663107
663133
663181
663193
663227
663277
663329
663379
663451
663457
663479
663511
663647
663847
663889
664007
664021
664057
664073
664127
664189
664219
664291
664333
664463
664501
664541
664759
664831
664889
664903
664931
664969
665033
665263
665281
665317
665407
665443
665491
665699
665729
665807
665831
665867
665879
665939
665971
665999
666137
666257
666299
666331
666359
666409
666443
666509
666713
666763
666917
666943
666949
667057
667067
667099
667169
667291
667343
667397
667453
667481
667567
667619
667663
667763
667871
667951
668053
668077
668113
668119
668197
668251
668281
668351
668431
668443
668561
668597
668641
668651
668683
668783
668911
668917
668957
668981
669043
669083
669143
669211
669217
669343
669373
669491
669497
669521
669533
669593
669833
669961
670009
670121
670273
670357
670441
670661
670679
670697
670717
670753
670819
670907
670961
670981
671009
671051
671197
671311
671317
671371
671389
671423
671459
671521
671569
671659
671813
671929
671963
671989
672013
672109
672233
672247
672263
672319
672337
672389
672409
672449
672461
672547
672599
672611
672677
672739
672839
672853
673051
673147
673163
673229
673243
673333
673357
673559
673627
673691
673703
673901
674021
674143
674147
674171
674351
674381
674413
674459
674507
674539
674549
674689
674881
674911
674923
674969
675007
675047
675107
675193
675329
675377
675383
675403
675443
675517
675637
675641
675667
675677
675683
675709
675737
675749
675793
675847
676033
676139
676163
676271
676547
676567
676579
676639
676811
676817
676849
676853
676873
677101
677377
677389
677489
677617
677713
677731
677777
677821
677867
677869
677921
678019
678071
678131
678233
678331
678361
678439
678467
678511
678529
678551
678703
678751
678817
678863
678967
679027
679043
679057
679073
679139
679141
679181
679199
679253
679429
679559
679817
679841
679997
680011
680101
680167
680243
680423
680429
680473
680549
680551
680609
680621
680671
680747
680893
680947
680951
680957
681013
681073
681119
681157
681199
681203
681211
681313
681353
681383
681437
681469
681491
681599
681617
681661
681713
681749
681767
681803
682103
682133
682223
682267
682273
682301
682441
682543
682559
682621
682681
682741
682757
682813
682817
682919
683029
683093
683203
683369
683509
683533
683549
683561
683663
683707
683729
683827
684107
684161
684253
684401
684491
684553
684583
684623
684701
684721
684781
684877
684899
684967
684997
685043
685127
685171
685207
685229
685303
685439
685507
685583
685603
685651
685667
685703
685771
685787
685801
685897
685903
686183
686207
686303
686407
686429
686467
686471
686531
686599
686629
686779
686821
686909
686957
687133
687199
687367
687377
687419
687601
687761
687811
687913
687979
688241
688273
688307
688361
688399
688421
688439
688469
688481
688549
688673
688819
688927
689009
689083
689119
689147
689177
689189
689281
689407
689449
689627
689659
689669
689683
689753
689837
689863
690031
690077
690169
690197
690199
690227
690247
690497
690527
690619
690637
690647
690857
690883
691039
691217
691259
691291
691367
691423
691501
691627
691643
691751
691783
691819
691879
691927
691939
692077
692207
692437
692443
692473
692561
692609
692617
692623
692693
692749
692807
692831
692833
692891
692953
692977
693001
693053
693113
693181
693233
693247
693271
693313
693347
693389
693479
693853
693863
694021
694037
694073
694103
694139
694151
694181
694283
694403
694429
694643
694691
694711
694891
694907
694921
694931
694937
694949
695027
695029
695137
695203
695209
695273
695363
695399
695501
695531
695683
695693
695803
695831
695887
695923
695953
695977
695987
695993
696011
696191
696431
696571
696593
696637
696649
696697
696767
696769
696797
696947
697219
697231
697297
697343
697349
697483
697597
697679
697789
697871
697987
698057
698069
698101
698149
698167
698333
698429
698431
698473
698519
698549
698651
698657
698693
698851
698857
698861
698897
698941
698963
698969
698981
699163
699199
699247
699301
699311
699331
699341
699359
699497
699593
699613
699667
699779
699833
699871
699893
699901
699983
699991
700033
700123
700291
700313
700333
700439
700517
700559
700613
700657
700793
701027
701083
701111
701237
701263
701269
701321
701429
701513
701639
701677
701759
701801
701807
701893
702019
702103
702157
702209
702463
702619
702643
702649
702799
702839
702901
702929
703009
703091
703177
703187
703253
703289
703403
703583
703597
703603
703621
703687
703697
703751
703771
703841
703853
703889
703891
704129
704173
704203
704267
704471
704491
704609
704689
704707
704827
704923
704987
705083
705149
705151
705239
705311
705371
705379
705431
705473
705511
705539
705547
705563
705637
705671
705791
705877
705917
705941
705977
706177
706327
706351
706549
706609
706637
706691
706711
706777
706789
706873
706939
706957
706969
707023
707087
707137
707171
707309
707323
707419
707449
707471
707611
707893
708079
708107
708523
708613
708727
708739
708797
708811
708817
708821
708853
708971
709081
709133
709229
709243
709309
709367
709399
709459
709493
709637
709721
709759
709781
709811
710077
710113
710167
710173
710249
710279
710287
710357
710387
710393
710453
710477
710533
710681
710741
710767
710797
710869
711013
711043
711197
711241
711247
711289
711323
711401
711527
711619
711647
711743
711803
711881
711901
712031
712069
712073
712091
712111
712193
712207
712273
712337
712399
712403
712421
712423
712441
712463
712469
712529
712729
712741
712753
712787
712919
713057
713071
713087
713179
713231
713387
713423
713579
713641
713701
713707
713729
713749
713803
713809
714053
714089
714167
714253
714319
714347
714379
714401
714409
714437
714491
714523
714559
714607
714613
714631
714641
714661
714929
714941
714977
715067
715147
715279
715333
715381
715399
715427
715667
715703
715721
715769
715933
715997
716071
716101
716113
716119
716141
716333
716341
716369
716371
716377
716467
716753
716843
716867
716879
716957
716977
716993
717053
717181
717187
717217
717481
717523
717569
717571
717583
717781
717823
717833
717901
717907
717947
717949
717973
718021
718061
718079
718103
718117
718217
718231
718297
718477
718481
718507
718643
718699
718787
718849
718889
718951
718969
719023
719039
719087
719309
719339
719357
719399
719431
719437
719489
719501
719651
719843
719897
720017
720077
720079
720259
720287
720457
720509
720539
720553
720581
720667
720673
720701
720761
720799
721099
721151
721247
721421
721423
721453
721493
721543
721603
721681
721771
721801
721811
721817
721937
722003
722053
722089
722221
722261
722263
722329
722387
722429
722441
722471
722473
722507
722587
722597
722677
722699
722731
722879
722923
723253
723301
723383
723431
723629
723689
723713
723769
723817
723889
723953
724049
724057
724133
724151
724169
724177
724231
724237
724301
724307
724541
724657
724663
724819
724849
724859
724943
725047
725063
725117
725143
725191
725233
725239
725251
725279
725383
725471
725521
725707
725771
725869
725911
725947
726029
726067
726119
726127
726217
726241
726281
726343
726403
726437
726443
726581
726587
726613
726709
726793
726833
726877
726931
727033
727091
727171
727361
727373
727393
727423
727543
727631
727751
727829
727841
727919
727999
728041
728053
728153
728227
728243
728339
728347
728587
728677
728797
728879
728983
729007
729013
729083
729167
729221
729247
729397
729401
729479
729517
729593
729683
729763
729829
729853
729983
730001
730013
730027
730057
730117
730127
730211
730241
730309
730349
730369
730463
730523
730801
730831
730859
730883
730979
731021
731039
731077
731099
731123
731309
731407
731417
731551
731657
731677
731701
731789
731813
731993
732007
732019
732031
732269
732349
732379
732397
732443
732451
732463
732577
732593
732661
732691
732727
732857
732929
732961
733049
733063
733069
733151
733163
733319
733349
733441
733541
733543
733549
733589
733657
733727
733763
733853
733877
734029
734051
734089
734099
734243
734399
734507
734533
734579
734683
734753
734801
735013
735023
735047
735313
735323
735349
735487
735577
735589
735667
735797
735803
735841
735857
735887
735899
736009
736019
736081
736103
736139
736163
736171
736213
736217
736291
736301
736313
736451
736523
736579
736609
736651
736669
736709
736751
736783
736829
736907
736999
737021
737141
737161
737237
737369
737393
737419
737791
737983
737993
738013
738061
738233
738281
738337
738467
738481
738559
738607
738629
738679
738719
738821
738901
738931
739019
739033
739073
739097
739139
739159
739261
739367
739411
739547
739577
739589
739591
739597
739831
739883
739913
739961
739997
740017
740057
740093
740269
740291
740413
740539
740567
740587
740657
740699
740771
740797
740813
740827
740837
740963
741017
741263
741289
741317
741379
741383
741407
741701
741749
741751
741901
741971
742013
742267
742303
742319
742361
742421
742529
742597
742613
742631
742669
742727
742793
742871
743011
743227
743419
743437
743467
743471
743497
743539
743569
743593
743623
743683
743723
743741
743753
743761
743887
743993
744011
744013
744041
744131
744193
744229
744241
744467
744509
744563
744647
744697
744907
744943
744967
744983
745007
745153
745159
745163
745193
745211
745289
745309
745483
745597
745607
745651
745799
745861
745949
745991
746003
746021
746059
746269
746297
746321
746357
746359
746461
746519
746587
746593
746687
746699
746731
746761
746789
746819
746923
746927
747041
747077
747101
747121
747217
747281
747367
747491
747667
747749
747793
747809
747931
747961
748001
748063
748081
748109
748117
748151
748369
748393
748421
748483
748607
748739
748747
748753
748879
748967
748997
749251
749369
749381
749459
749537
749591
749597
749599
749687
749699
749719
749753
749977
749999
750011
750047
750089
750187
750251
750371
750389
750469
750511
750523
750583
750593
750611
750643
750649
750677
750773
750793
750847
750859
750889
750979
750991
751031
751117
751313
751403
751441
751493
751561
751589
751603
751649
751721
751741
751771
751831
751903
752249
752327
752461
752509
752597
752657
752659
752783
752909
752953
752957
753041
753121
753149
753169
753199
753271
753301
753323
753343
753349
753377
753397
753419
753667
753829
753853
753881
753887
753989
753997
754139
754141
754151
754231
754291
754363
754499
754519
754591
754603
754619
754657
754729
754759
754847
755017
755063
755219
755221
755263
755353
755407
755423
755519
755543
755669
755723
755779
755927
755971
756073
756209
756311
756337
756341
756397
756451
756611
756643
756659
756731
756779
756781
756851
756859
756883
757007
757013
757021
757037
757087
757117
757189
757249
757261
757447
757613
757637
757717
757759
757817
757831
757901
757921
757931
758027
758033
758077
758129
758143
758221
758257
758281
758293
758447
758497
758509
758603
758717
758809
758873
759049
759233
759383
759439
759527
759541
759809
759817
759827
759859
759907
759919
759937
759977
759991
760013
760033
760139
760157
760159
760271
760303
760559
760751
760763
760787
760811
760819
760867
760973
761029
761063
761149
761269
761339
761419
761587
761647
761819
761851
761909
761933
761953
761987
761989
762029
762079
762133
762173
762217
762269
762403
762431
762523
762623
762709
762733
762851
762859
762911
762991
763057
763129
763151
763229
763241
763289
763387
763603
763687
763813
763837
763877
763969
764077
764107
764177
764213
764297
764299
764329
764333
764377
764479
764567
764663
764713
764761
764791
764861
764923
764963
765077
765239
765253
765269
765403
765469
765481
765563
765637
765679
765703
765887
766033
766043
766057
766069
766121
766123
766193
766243
766319
766391
766417
766643
766693
766771
766841
766879
766933
767009
767099
767189
767191
767209
767341
767477
767483
767519
767693
767719
767821
767849
767927
767989
768017
768283
768473
768487
768511
768517
768611
768679
768743
768899
768917
768973
768997
769099
769121
769217
769277
769333
769397
769409
769441
769567
769621
769753
769841
769843
769957
769969
770093
770141
770197
770383
770633
770681
770683
770699
770711
770723
770851
770893
770921
770977
771041
771059
771083
771107
771151
771193
771263
771347
771361
771383
771493
771601
771689
771713
771767
771821
771847
771871
771977
772007
772039
772111
772201
772243
772561
772601
772627
772637
772643
772679
772729
772747
772801
772883
772897
772951
772999
773089
773131
773203
773309
773519
773621
773627
773671
773701
773771
773819
773887
773893
773921
774031
774253
774281
774391
774409
774443
774563
774623
774637
774689
774727
774899
774937
774947
775051
775111
775139
775207
775211
775253
775289
775427
775459
775499
775501
775529
775609
775769
775783
775891
775921
775969
775993
776129
776231
776353
776443
776459
776579
776621
776689
776761
776773
776803
776903
776981
777047
777083
777131
777163
777253
777299
777409
777487
777503
777509
777533
777587
777701
777713
777739
777773
777823
777853
777899
777923
777941
778117
778207
778279
778381
778489
778499
778669
778747
778781
778949
778997
779029
779113
779147
779179
779227
779237
779243
779279
779299
779321
779333
779381
779407
779423
779431
779497
779687
779759
779833
779917
779957
779959
779963
780089
780097
780103
780139
780289
780467
780473
780497
780541
780547
780557
780569
780581
780641
780727
780839
780893
780979
781013
781159
781237
781447
781553
781663
781709
781901
781933
781981
782027
782167
782233
782273
782303
782317
782413
782417
782423
782531
782549
782609
782699
782737
782741
782801
782827
782893
783017
783049
783103
783169
783221
783239
783353
783451
783481
783577
783583
783611
783637
783851
783859
783907
783929
783943
783949
783977
783983
784027
784079
784123
784127
784163
784177
784237
784253
784319
784403
784429
784493
784591
784607
784639
784787
784811
784813
784991
785063
785149
785297
785371
785387
785507
785531
785539
785557
785711
785713
785789
785867
786007
786073
786091
786113
786133
786143
786187
786193
786281
786389
786463
786479
786497
786523
786637
786911
787097
787133
787211
787223
787231
787279
787301
787351
787399
787411
787481
787499
787583
787637
787687
787691
787789
787799
787849
787909
787921
788083
788119
788131
788201
788323
788441
788453
788533
788551
788573
788743
788759
789037
789071
789143
789161
789233
789301
789319
789359
789421
789427
789499
789707
789779
789791
789809
789827
789869
789917
789991
790019
790037
790081
790157
790213
790217
790247
790249
790253
790393
790463
790477
790597
790631
790639
790679
790921
791059
791267
791279
791281
791383
791429
791459
791491
791509
791533
791611
791641
791701
791953
791981
791983
792089
792221
792347
792349
792437
792499
792527
792611
792719
792767
792823
792839
792917
793057
793097
793157
793267
793349
793381
793433
793483
793531
793697
793703
793861
793907
793921
794083
794093
794177
794237
794267
794303
794329
794377
794429
794533
794609
794611
794701
794791
794813
794839
794873
794929
795029
795061
795163
795247
795269
795313
795341
795391
795439
795607
795637
795811
795841
795911
795953
796031
796057
796153
796207
796249
796457
796519
796529
796547
796577
796723
796771
796811
796823
796837
796903
796963
797141
797191
797213
797219
797231
797371
797513
797519
797527
797603
797651
797749
797843
797873
797891
797959
798011
798073
798103
798181
798289
798313
798379
798493
798509
798619
798739
798829
798851
798857
798899
798907
798913
798947
798991
799033
799067
799129
799133
799261
799367
799451
799537
799567
799639
799703
799709
799751
799793
799811
800249
800297
800321
800339
800461
800567
800609
800633
800713
800881
801121
801149
801169
801191
801221
801523
801547
801643
801719
801721
801727
801793
801847
801881
801893
801953
802003
802091
802117
802273
802303
802363
802379
802429
802537
802591
802601
802673
802717
802819
802843
802847
802889
802891
803009
803017
803107
803123
803147
803177
803261
803291
803293
803401
803527
803599
803633
803701
803707
803711
803767
803809
803843
803863
803903
803951
804071
804101
804173
804413
804437
804467
804509
804527
804539
804637
804641
804677
804691
804883
804887
804959
805303
805319
805367
805373
805489
805549
805747
805787
805813
805951
805957
805963
805979
806083
806243
806249
806401
806419
806437
806557
806573
806623
806681
806779
806851
806957
806959
806989
807019
807029
807043
807049
807073
807223
807263
807361
807421
807437
807589
807641
807661
807713
807727
807761
807791
807881
807979
808057
808103
808133
808207
808219
808253
808273
808319
808321
808403
808411
808499
808547
808567
808631
808649
808861
808879
808943
808987
809009
809033
809089
809113
809161
809233
809311
809321
809327
809411
809537
809573
809639
809687
809773
809849
809881
809911
809927
809933
810107
810127
810143
810157
810613
810631
810647
810683
810721
810833
810877
810899
810947
810959
811009
811133
811201
811229
811313
811339
811397
811477
811579
811639
811751
811829
811873
811963
812059
812083
812089
812099
812143
812219
812239
812369
812423
812533
812663
812683
812741
812803
812863
812873
812897
812909
812941
812951
812971
812993
813047
813077
813101
813139
813359
813389
813451
813473
813509
813587
813607
813611
813691
813737
813793
813821
813823
814159
814189
814357
814417
814483
814573
814621
814661
814669
814733
814817
814819
814831
814907
814909
815057
815071
815117
815137
815153
815183
815239
815263
815357
815363
815377
815593
815597
815849
815909
815959
816059
816071
816281
816337
816349
816407
816421
816461
816533
816631
816659
816671
816721
816773
816863
816913
816979
817261
817447
817451
817469
817477
817573
817591
817657
817693
817699
817937
817961
817963
818039
818221
818243
818299
818381
818407
818449
818491
818497
818527
818537
818557
818611
818627
818651
818759
818761
818791
818833
818933
818981
819041
819197
819227
819331
819341
819347
819479
819517
819529
819541
819551
819557
819613
819703
819839
819953
820153
820217
820283
820307
820529
820531
820783
820843
820871
820931
821017
821071
821111
821201
821213
821369
821371
821413
821417
821453
821539
821543
821567
821633
821669
821699
821707
821749
821917
821963
822061
822119
822127
822193
822247
822397
822403
822427
822439
822499
822659
822751
822859
823057
823079
823091
823133
823159
823301
823343
823379
823411
823807
823847
823909
823943
823987
824003
824023
824071
824359
824363
824371
824423
824491
824503
824519
824533
824567
824717
824729
824737
824743
824851
824881
824917
824953
824969
825089
825173
825257
825317
825463
825497
825529
825563
825589
825619
825731
825817
825887
825989
826031
826127
826219
826237
826249
826277
826337
826409
826439
826513
826517
826687
826757
826841
826843
827081
827083
827117
827137
827207
827219
827371
827381
827401
827413
827513
827531
827557
827569
827627
827881
827909
827971
828031
828083
828143
828173
828259
828263
828271
828307
828329
828353
828389
828463
828479
828521
828719
828827
828853
829007
829021
829043
829201
829271
829303
829373
829607
829663
829681
829739
829769
829837
829859
829861
829891
829897
829931
829981
830101
830107
830113
830171
830239
830251
830261
830303
830407
830429
830519
830633
830653
830903
831119
831211
831263
831377
831449
831511
831601
831673
831773
831833
832033
832037
832087
832147
832199
832261
832283
832289
832397
832501
832553
832661
832831
832859
833081
833089
833111
833123
833159
833227
833233
833381
833387
833411
833471
833533
833551
833699
833803
833863
833881
833939
833941
833951
833971
833983
834079
834089
834121
834209
834293
834307
834331
834389
834443
834521
834529
834539
834667
834763
834817
834871
834919
834929
834943
834971
835007
835067
835187
835223
835231
835277
835301
835309
835463
835537
835589
835697
835781
835903
836053
836123
836141
836197
836201
836293
836461
836483
836489
836527
836543
836581
836599
836743
836767
836777
836813
836827
836989
836999
837173
837181
837209
837227
837247
837289
837323
837329
837337
837449
837457
837581
837647
837649
837751
837763
837787
837799
837829
837971
837973
838001
838009
838127
838183
838231
838241
838267
838283
838289
838307
838381
838493
838499
838501
838637
838823
838847
838867
838979
839053
839101
839119
839159
839243
839257
839383
839407
839507
839513
839593
839677
839687
839737
839777
839807
839941
839989
840019
840079
840173
840251
840283
840373
840401
840403
840461
840517
840551
840559
840577
840737
840773
840799
840881
840947
840977
841067
841171
841303
841499
841507
841543
841579
841583
841627
841649
841717
841747
841843
841901
841949
842143
842431
842459
842561
842603
842609
842629
842689
842713
842773
842861
843023
843041
843151
843263
843343
843373
843413
843419
843439
843499
843593
843599
843671
843683
843767
843827
843839
843917
843937
843949
843971
843991
844021
844049
844079
844091
844097
844367
844397
844541
844693
844751
844783
844801
844807
844871
844889
845011
845093
845123
845149
845311
845323
845419
845479
845497
845501
845569
845573
845617
845629
845651
845737
845837
845993
846103
846173
846211
846221
846319
846409
846451
846467
846551
846553
846631
846737
846761
846793
846803
846809
846941
847141
847211
847241
847303
847307
847397
847459
847667
847709
847747
847753
847783
847801
847867
847879
847981
848059
848063
848093
848117
848161
848207
848311
848329
848503
848513
848587
848641
848767
849077
849139
849157
849193
849239
849287
849313
849389
849403
849451
849491
849517
849521
849553
849769
849859
849887
849907
849911
850037
850111
850151
850159
850219
850259
850313
850363
850441
850477
850589
850607
850621
850693
850739
850769
850789
850859
850903
850921
851129
851183
851269
851317
851341
851467
851509
851567
851579
851737
851927
851947
851993
852029
852067
852077
852343
852361
852377
852479
852503
852619
852637
852767
852773
852791
852821
852877
852911
852931
852949
853019
853067
853117
853219
853261
853327
853351
853367
853393
853453
853471
853487
853549
853583
853591
853607
853711
853751
853861
854057
854209
854239
854291
854309
854341
854401
854429
854537
854597
854603
854653
854687
854699
854723
854767
854773
854831
854839
854941
855047
855077
855097
855161
855193
855223
855233
855263
855433
855451
855469
855611
855691
855929
855961
855971
855973
856151
856243
856319
856357
856397
856403
856423
856433
856489
856619
856633
856679
856829
856907
856931
857149
857251
857257
857317
857323
857359
857393
857449
857587
857627
857729
857767
857777
857789
857921
857999
858071
858343
858349
858367
858419
858491
858569
858587
858617
858677
858703
858779
858791
858829
858929
858937
858973
858983
859153
859169
859253
859337
859421
859451
859457
859627
859759
859777
859897
859961
859967
860017
860191
860207
860371
860411
860443
860471
860677
860687
860707
860723
860737
860767
861103
861229
861233
861277
861283
861307
861313
861331
861461
861529
861569
861629
861643
861737
861953
861961
862091
862093
862531
862549
862577
862613
862679
862691
862717
862781
862793
862853
862871
862931
862949
862969
863059
863183
863273
863293
863297
863327
863339
863399
863407
863441
863453
863459
863477
863519
863587
863669
863713
863717
863761
863773
863927
863977
864089
864109
864217
864293
864313
864371
864397
864401
864421
864529
864701
864713
864767
864779
864791
864821
864839
864923
864973
865009
865021
865187
865297
865369
865399
865567
865663
865673
865883
865901
865903
865981
866023
866141
866147
866189
866219
866273
866339
866363
866423
866531
866587
866599
866611
866669
866687
866731
866741
866753
866911
866959
867019
867107
867137
867199
867299
867311
867403
867469
867497
867523
867917
867989
868061
868079
868141
868183
868201
868321
868363
868507
868523
868591
868709
868757
868759
868781
868843
869051
869087
869107
869149
869177
869207
869221
869327
869347
869353
869387
869527
869549
869621
869633
869647
869749
869831
869881
869969
869977
870053
870071
870167
870269
870293
870347
870469
870473
870521
870539
870761
870763
870767
870829
870913
871049
871081
871121
871139
871243
871279
871307
871361
871411
871499
871579
871699
871721
871753
871841
871847
871859
871889
871921
871939
872051
872087
872147
872171
872191
872293
872299
872303
872401
872507
872633
872653
872717
872723
872759
872777
872779
872783
872819
872821
872869
872881
872887
873071
873127
873181
873203
873217
873253
873283
873361
873413
873473
873557
873559
873637
873757
873941
874007
874033
874039
874043
874189
874201
874219
874241
874309
874339
874369
874453
874469
874493
874499
874607
874691
874747
874751
874849
874927
874997
875023
875047
875053
875101
875123
875291
875321
875453
875549
875573
875669
875723
875747
875807
875879
875911
875977
875989
875999
876101
876247
876289
876361
876391
876487
876559
876683
876697
876859
876919
876943
876961
877007
877033
877039
877049
877069
877087
877147
877193
877417
877433
877447
877483
877493
877561
877649
877691
877717
877741
877967
877991
878069
878233
878329
878357
878399
878429
878557
878627
878741
878771
878809
878981
879017
879029
879079
879091
879101
879127
879317
879337
879383
879397
879419
879421
879443
879469
879481
879503
879569
879611
879763
879787
879913
880093
880111
880123
880163
880207
880241
880333
880351
880387
880391
880459
880567
880577
880697
880757
880777
880837
880937
881053
881123
881129
881149
881227
881381
881557
881627
881693
881717
881731
881753
881759
881789
881791
881851
881893
881941
881957
881971
882053
882097
882107
882131
882163
882221
882311
882407
882467
882559
882619
882769
882829
882839
882887
882899
882941
882977
883313
883381
883387
883567
883651
883657
883679
883789
883801
883849
883873
884063
884071
884137
884161
884237
884291
884339
884449
884473
884479
884509
884551
884581
884671
884713
884759
884777
884801
884839
884843
884893
885043
885089
885119
885179
885221
885281
885337
885347
885349
885439
885463
885541
885557
885593
885613
885617
885629
885719
885851
885877
886139
886169
886201
886267
886399
886423
886447
886553
886657
886687
886723
886763
886931
886957
887011
887027
887071
887119
887329
887339
887347
887473
887531
887539
887687
887767
887801
887863
887983
888317
888331
888401
888523
888571
888577
888583
888673
888731
888733
888907
888929
888949
888977
889033
889079
889121
889129
889153
889201
889223
889403
889463
889529
889573
889667
889717
889723
889753
889853
889949
889969
890047
890081
890179
890189
890191
890249
890311
890389
890423
890569
890689
890693
890699
890713
890731
890741
890873
890947
891113
891127
891131
891211
891229
891269
891283
891419
891437
891479
891581
891607
891623
891697
891713
891739
891757
891857
891911
892051
892061
892081
892163
892277
892327
892343
892349
892427
892453
892501
892631
892651
892681
892711
892799
892889
892897
892961
892963
893071
893279
893371
893483
893507
893531
893663
893687
893773
893807
893831
893899
894001
894017
894053
894293
894307
894317
894347
894367
894479
894533
894601
894757
894797
894857
894889
894937
894979
894983
895031
895093
895099
895121
895177
895267
895331
895403
895417
895439
895513
895693
895711
895877
895943
896023
896081
896209
896213
896227
896309
896407
896437
896459
896501
896503
896569
896579
896641
896653
896657
896759
896773
896849
896891
896899
896911
897041
897079
897151
897167
897181
897293
897353
897551
897683
897739
897773
897863
897893
897901
897913
897917
897961
898031
898169
898343
898379
898441
898451
898489
898531
898559
898697
898699
898741
898837
898847
898861
898949
898967
898991
898993
898999
899021
899083
899111
899299
899347
899363
899383
899399
899407
899411
899489
899497
899501
899539
899543
899557
899621
899677
899683
899777
899813
899867
900041
900083
900181
900203
900359
900373
900437
900499
900637
900707
900727
900853
900857
900877
900899
901027
901073
901091
901123
901129
901259
901267
901361
901363
901543
901609
901661
901699
901723
901777
901783
901793
901847
901939
901951
902059
902107
902203
902243
902257
902323
902387
902491
902609
902663
902711
902801
902809
902831
902893
902897
902929
902939
903101
903121
903137
903139
903169
903277
903307
903313
903377
903587
903589
903653
903671
903689
903797
903823
903853
903893
903911
904159
904187
904223
904231
904279
904403
904439
904493
904537
904669
904741
904807
904831
904991
905033
905089
905117
905153
905183
905221
905287
905393
905459
905563
905627
905633
905657
905741
905837
905867
905887
905903
905941
905987
906079
906097
906239
906251
906307
906341
906359
906379
906413
906467
906721
906739
906811
906877
907013
907061
907219
907411
907547
907553
907607
907633
907769
907853
907873
907883
908009
908023
908059
908111
908119
908189
908231
908267
908291
908311
908389
908507
908689
908693
908867
909079
909157
909197
909229
909263
909277
909413
909479
909553
909583
909647
909661
909677
909709
909781
909827
909841
909893
909947
910073
910079
910123
910183
910187
910373
910489
910543
910549
910579
910601
910703
910729
910753
910801
910933
910963
910969
910991
911021
911083
911117
911177
911203
911399
911429
911497
911531
911611
911623
911809
911849
911857
911887
911993
912001
912139
912143
912151
912181
912277
912319
912623
912629
912707
912757
912803
912811
912841
912913
912943
913001
913057
913117
913147
913207
913313
913361
913391
913403
913453
913499
913543
913547
913559
913669
913681
913711
913751
913777
913901
913909
913961
913967
914063
914099
914143
914171
914383
914387
914437
914497
914633
914707
914929
914933
914989
914999
915011
915073
915133
915163
915209
915281
915293
915319
915323
915349
915359
915371
915449
915511
915517
915521
915581
915619
915643
915749
915751
915913
915953
915989
916001
916007
916133
916193
916207
916243
916271
916277
916327
916439
916567
916697
916709
916739
916819
916843
916957
916969
917027
917057
917069
917071
917143
917177
917347
917359
917369
917387
917417
917437
917479
917551
917561
917597
917599
917797
917977
918077
918163
918241
918271
918461
918473
918553
918557
918661
918713
918739
918773
918791
918847
918887
918941
919027
919091
919159
919199
919291
919357
919361
919537
919573
919601
919643
919829
919943
919957
919973
919981
919991
920077
920131
920383
920453
920617
920629
920639
920659
920681
920929
920993
921023
921047
921071
921181
921211
921269
921391
921397
921419
921461
921469
921539
921551
921577
921593
921607
921631
921653
921691
921727
921769
921797
921799
921857
921883
921941
921983
922177
922189
922349
922399
922409
922477
922547
922589
922723
922759
922769
922771
922843
922847
922949
922979
923011
923057
923093
923269
923383
923569
923633
923759
923777
923827
924029
924167
924169
924193
924229
924233
924257
924449
924461
924481
924487
924541
924563
924569
924611
924619
924733
924739
924883
924949
925003
925219
925277
925321
925363
925417
925427
925459
925537
925591
925763
925787
925811
925817
925907
925931
925993
926021
926047
926071
926137
926213
926243
926267
926287
926291
926339
926663
926729
926791
926873
926909
926911
927053
927071
927151
927203
927211
927239
927247
927253
927271
927343
927389
927463
927499
927527
927607
927851
927881
927907
927919
927929
927943
928007
928021
928033
928201
928229
928259
928309
928373
928379
928393
928519
928531
928567
928639
928709
928721
928943
928981
928987
929017
929041
929147
929167
929219
929221
929231
929317
929353
929371
929413
929447
929521
929563
929633
929657
929833
929837
929857
930091
930131
930227
930247
930353
930401
930421
930451
930463
930497
930599
930623
930701
930703
930731
930901
930947
930949
930967
931027
931033
931061
931081
931093
931159
931349
931373
931391
931453
931559
931603
931631
931633
931673
931823
931831
931867
931979
932069
932143
932237
932249
932251
932287
932329
932509
932531
932543
932599
932741
932777
932797
932891
932929
932993
933137
933287
933353
933391
933461
933533
933571
933599
933629
933661
933683
933733
933841
933871
934163
934169
934189
934279
934369
934447
934511
934529
934601
934627
934631
934727
934741
934823
934937
934987
935041
935083
935117
935171
935173
935219
935267
935269
935309
935317
935369
935383
935401
935419
935437
935509
935647
935713
935741
935749
935773
935873
935941
936041
936059
936083
936209
936269
936337
936347
936409
936461
936503
936589
936601
936623
936701
936791
936799
936857
936863
936931
936959
937063
937103
937163
937169
937303
937361
937439
937507
937513
937553
937621
937649
937757
937759
937837
937961
937999
938081
938137
938141
938143
938177
938221
938297
938299
938321
938477
938501
938503
938521
938557
938629
938633
938719
938779
938797
938887
938891
938957
939101
939137
939149
939241
939283
939427
939473
939559
939647
939667
939691
939733
939787
939817
939899
939979
940091
940123
940129
940243
940393
940397
940439
940451
940487
940603
940741
940777
940843
940859
940867
941029
941063
941077
941107
941113
941257
941357
941371
941387
941527
941533
941711
941767
941777
941789
941881
941923
941939
942083
942119
942197
942323
942373
942451
942481
942611
942619
942671
942737
942791
942833
942881
942911
942919
943001
943147
943169
943193
943223
943247
943259
943309
943507
943531
943703
943927
943973
944033
944057
944131
944159
944171
944303
944347
944381
944423
944483
944549
944569
944597
944627
944759
944837
944891
944971
945067
945101
945127
945137
945167
945181
945187
945199
945229
945271
945379
945433
945493
945509
945533
945821
945827
945853
945859
945869
945977
946039
946147
946247
946303
946313
946343
946433
946529
946609
946613
946639
946651
946691
946711
946831
947021
947123
947153
947213
947231
947249
947273
947281
947339
947477
947489
947503
947543
947671
947689
947839
947941
947951
948121
948137
948203
948217
948257
948301
948361
948373
948463
948509
948523
948599
948667
948679
948737
948743
948809
948811
948919
948979
949103
949163
949181
949321
949327
949349
949393
949469
949493
949537
949573
949661
949681
949783
949799
949873
950017
950137
950141
950167
950189
950297
950303
950353
950413
950489
950539
950561
950603
950701
950711
950821
951017
951043
951169
951179
951217
951253
951383
951443
951527
951563
951593
951619
951737
951773
951857
951877
951889
951913
951931
951989
952031
952213
952283
952327
952339
952387
952571
952631
952727
952801
952951
952999
953063
953159
953167
953233
953257
953269
953299
953357
953429
953441
953531
953569
953573
953597
953633
953759
953779
953803
953809
953893
953899
953951
954049
954061
954113
954137
954179
954197
954271
954407
954449
954493
954587
954631
954647
954673
954803
954823
954841
955049
955099
955117
955169
955249
955393
955411
955429
955517
955523
955609
955631
955639
955667
955733
955739
955837
955921
956089
956141
956201
956203
956209
956411
956467
956509
956537
956563
956581
956603
956651
956677
956807
956819
956933
956959
957013
957067
957149
957197
957251
957269
957323
957427
957461
957469
957521
957527
957613
957647
957679
957727
957779
957791
957799
957919
957941
957947
958031
958099
958201
958207
958229
958253
958267
958297
958453
958483
958561
958597
958751
958831
958879
958891
958913
958999
959027
959111
959213
959221
959243
959311
959341
959437
959501
959503
959513
959551
959657
959711
959797
959821
959923
959999
960067
960263
960283
960301
960367
960371
960391
960433
960481
960529
960563
960571
960761
960767
960851
960859
960881
960919
961013
961171
961253
961307
961309
961357
961391
961439
961481
961501
961559
961577
961693
961717
961801
961859
961903
962069
962089
962107
962167
962173
962201
962207
962239
962261
962287
962327
962347
962411
962443
962473
962501
962593
962657
962827
962917
962933
963013
963023
963029
963037
963269
963317
963353
963371
963383
963421
963503
963533
963569
963671
963733
963773
963791
963857
963971
964013
964031
964099
964127
964141
964147
964169
964399
964409
964429
964567
964603
964657
964727
964729
964811
964949
964993
965009
965021
965119
965137
965231
965281
965297
965353
965389
965477
965593
965641
965689
965807
965869
965873
965971
965981
966047
966061
966079
966143
966187
966223
966281
966457
966571
966643
966689
966697
966703
966709
966731
966733
966761
966767
966827
966839
966887
967009
967037
967093
967117
967207
967223
967331
967367
967433
967471
967523
967553
967609
967639
967669
967717
967849
967921
967927
968039
968081
968087
968129
968171
968203
968207
968293
968309
968393
968399
968417
968447
968551
968621
968651
968743
968797
968873
968923
968987
969149
969203
969307
969379
969389
969413
969487
969491
969541
969581
969583
969601
969737
969739
969781
969811
969853
969949
969973
970049
970129
970141
970171
970181
970289
970379
970591
970663
970741
970759
970933
970979
971011
971101
971107
971219
971231
971293
971507
971573
971609
971689
971743
971797
971807
971827
971837
971891
971909
971963
972019
972053
972089
972193
972299
972317
972331
972421
972449
972539
972551
972593
972659
972691
972707
972761
972931
972953
973013
973019
973039
973079
973171
973207
973303
973319
973457
973513
973519
973543
973549
973619
973633
973717
973829
973831
973859
973867
973949
974011
974047
974069
974093
974153
974203
974221
974243
974327
974341
974521
974527
974573
974629
974641
974647
974683
974731
974741
974791
974929
975019
975059
975301
975449
975461
975563
975617
975679
975703
975757
975773
975833
975839
975929
975979
976007
976181
976219
976243
976357
976363
976379
976421
976441
976523
976609
976663
976681
976687
976711
976861
976897
976901
977029
977051
977077
977101
977287
977297
977393
977401
977419
977489
977527
977617
977699
977701
977827
977869
977917
977939
978251
978319
978361
978371
978437
978529
978533
978553
978559
978563
978583
978737
978739
978847
978941
978959
978961
979049
979091
979129
979169
979247
979249
979289
979351
979357
979453
979513
979571
979579
979609
979619
979663
979703
979739
979751
979763
979877
979933
979943
980017
980041
980051
980183
980233
980263
980323
980347
980359
980387
980527
980563
980653
980699
980879
980929
981107
981191
981251
981317
981353
981371
981413
981469
981503
981509
981557
981611
981649
981671
981803
981829
981839
981907
982013
982043
982193
982279
982327
982391
982411
982451
982469
982477
982543
982601
982691
982717
982733
982837
982873
982879
982907
982913
982921
982963
983111
983293
983387
983393
983473
983509
983551
983561
983623
983681
983683
983729
983743
983833
983837
983887
983897
983903
983921
983933
983947
984023
984077
984169
984209
984229
984433
984449
984527
984553
984677
984719
984787
984857
984871
985069
985091
985147
985157
985349
985373
985381
985561
985669
985697
985727
985793
985837
985889
985909
985961
986021
986057
986077
986093
986099
986159
986243
986311
986317
986371
986407
986611
986627
986653
986683
986771
986873
986939
986987
987001
987017
987109
987121
987149
987187
987307
987401
987439
987521
987527
987577
987583
987589
987673
987709
987743
987817
987841
987923
987947
988027
988087
988121
988123
988177
988189
988283
988301
988423
988531
988543
988553
988667
988709
988769
988777
988991
988997
989063
989147
989363
989399
989407
989431
989447
989449
989537
989543
989701
989717
989771
989789
989983
990007
990061
990133
990167
990203
990257
990271
990317
990347
990421
990427
990557
990569
990571
990617
990629
990779
990833
990839
990859
990943
990991
991007
991019
991033
991051
991241
991283
991301
991351
991391
991513
991519
991583
991609
991759
991847
991853
991877
991891
992039
992041
992071
992149
992209
992297
992399
992419
992447
992533
992543
992753
992779
992869
992909
992939
992993
993017
993059
993101
993131
993227
993313
993403
993449
993547
993637
993649
993659
993673
993791
993809
993901
994043
994111
994157
994171
994223
994243
994261
994349
994507
994519
994601
994627
994649
994733
994979
995039
995177
995179
995213
995221
995257
995297
995359
995437
995453
995473
995563
995629
995723
995749
995779
995803
995857
995867
995873
995879
995893
995963
995971
996007
996031
996041
996091
996101
996137
996139
996221
996239
996349
996397
996473
996497
996503
996577
996673
996691
996713
996719
996733
996799
996839
996907
996977
997181
997193
997229
997313
997351
997361
997393
997457
997501
997517
997523
997537
997613
997639
997757
997847
997943
997979
998059
998171
998191
998299
998321
998341
998369
998401
998447
998477
998483
998533
998579
998771
998863
998873
998911
998923
998953
998981
999017
999157
999227
999319
999367
999461
999463
999497
999673
999697
999731
999743
999797
999811
999847
999877
999919
999941
999997
