100489
109561
113569
120409
121801
124609
128881
134689
139129
143641
146689
151321
157609
160801
167281
175561
177241
185761
187489
192721
196249
201601
208849
212521
214369
218089
229441
237169
241081
249001
253009
259081
271441
273529
292681
299209
310249
316969
323761
326041
332929
344569
351649
358801
361201
368449
375769
380689
383161
398161
410881
413449
418609
426409
434281
436921
452929
458329
466489
477481
491401
502681
516961
528529
537289
546121
552049
564001
573049
579121
591361
597529
619369
635209
654481
657721
674041
677329
683929
687241
703921
727609
734449
737881
744769
769129
776161
779689
786769
822649
829921
844561
863041
877969
885481
896809
908209
935089
942841
954529
966289
982081
994009
