256027
262063
263069
265189
266207
272123
272483
275141
275369
278423
280171
281861
282943
283189
283513
284987
286081
286207
286567
287213
289621
290197
290231
290639
291311
293323
293693
294449
295261
295927
296449
297491
297587
298279
298633
298783
300617
301297
301337
301771
301837
302303
304583
304679
304891
305321
305827
305909
307001
307829
307961
308339
308911
308953
308963
310139
310351
311243
311357
312017
312079
312157
312337
313121
313277
313591
314053
314323
315071
315619
316247
316933
317393
317461
317567
318047
319373
320347
320599
320813
321089
321179
321389
321457
321473
322423
322499
322691
323429
323737
324059
324371
324851
324899
325141
325441
326269
326959
327287
327653
328313
328387
328459
328747
328751
329323
329467
330013
330301
330481
331477
331633
332029
332377
332483
333643
333797
333859
333961
334003
334757
334879
335003
335177
335243
335311
335431
336289
336449
337087
337237
337417
337499
338099
338363
338381
338519
338593
338603
338699
340213
340531
340831
341371
341441
341519
341741
341969
342029
342161
342557
343171
343339
343549
343669
344381
344593
344657
344783
345119
345157
345383
345623
345703
346597
346777
346781
347371
347573
347647
347863
348091
348497
348797
350023
350027
350239
350627
350633
351073
351467
351613
351719
351721
351979
352211
352307
352603
352717
352787
353273
353449
353701
353909
354071
355207
355253
355843
356009
356309
356393
356519
356627
356809
357037
357163
357191
357209
357601
358151
359039
359831
359951
359999
360011
360301
360379
360473
360881
360883
361393
361567
361657
362009
362179
363353
363509
363593
363721
364087
364093
364261
364729
364807
365221
365681
365867
365881
365971
366011
366257
366623
367063
367067
367153
367187
367639
368131
368143
368177
368413
368699
369389
369437
369503
369583
369857
370043
370319
370397
370781
370807
370817
371011
371017
371557
371717
372019
372091
372143
372863
373097
373319
373601
373729
373831
374183
374519
374599
374861
374971
375733
376037
376109
376151
376267
376289
376781
377089
377431
377441
377753
377969
377977
378187
378221
378767
378899
379231
379241
379447
379789
380113
380221
380243
380431
380771
381151
381299
381397
381893
381923
382259
382783
382937
383017
383311
383359
383447
383569
383671
383959
384283
384529
384887
385019
385157
385213
385241
385313
386443
386497
386567
386803
386807
386833
387103
387229
387349
387553
387823
388007
388321
388589
388627
388819
388847
388979
389033
389087
389327
389993
390301
390457
390589
390629
390787
391147
391271
391421
391973
392453
392729
392773
392933
393179
393293
393307
393457
394091
394159
394397
394561
394663
394741
394913
395051
395497
395861
395911
395939
396059
396371
396481
396553
396611
396731
396779
397261
397399
397669
398003
398017
398707
398869
399089
399167
399199
399799
400013
400271
400289
400483
400493
400583
400649
400891
400921
400951
401227
401461
401963
402187
402733
402901
403127
403421
403967
404207
404233
404279
404471
404473
404477
404797
404839
404939
405019
405193
405523
405617
405673
405733
406291
406421
406603
406877
406927
407837
407921
407933
408257
408281
408511
409093
409111
409117
409159
409301
409537
409763
410027
410483
410549
410797
410939
411487
411601
411623
411701
411781
412043
412163
412549
412679
412799
412963
413663
413851
413909
413969
414079
414581
414727
414863
415001
415117
415237
415241
415291
415693
415829
415981
416021
416029
416057
416183
416267
416587
416831
416987
417077
417091
417709
417889
418193
418307
418309
418543
418573
418679
418907
419063
419437
419479
419879
419899
420437
420491
420643
420943
421301
421411
421489
421649
421961
421969
422017
422053
422419
422491
422531
422767
422777
422813
422831
422941
423107
423583
423701
423737
423877
424153
424253
424663
424691
425023
425507
425767
426109
426191
426347
426367
426373
426403
426749
427051
427187
427319
427667
427729
427741
428333
428443
428711
428783
428821
429059
429383
429713
430271
430327
430363
430429
430489
430561
430681
430733
430867
430973
431071
431111
431177
431393
431633
431909
432077
432119
432247
432517
432521
432739
432947
433009
433327
433567
433793
433919
433957
434089
434177
434531
434617
434669
435199
435311
435431
435473
435599
435959
436021
436141
436213
436433
436789
436927
437119
437231
437453
437561
437669
437803
438019
438227
438359
438751
438797
438871
439067
439097
439099
439169
439267
439469
439837
440533
440599
440747
440837
441131
441289
441383
441901
442081
442331
442523
442661
442931
443081
443143
443507
443617
443623
443713
443929
444139
444149
444161
444313
444359
444413
444853
444931
445057
445061
445243
445343
445651
445999
446021
446119
446143
446161
446393
446497
446543
446707
447077
447379
447407
447497
447539
447803
448211
448429
448489
448559
448573
448711
448901
449087
449257
449329
449341
449377
449447
449623
449849
450013
450097
450181
450613
450743
451001
451223
451273
451349
451351
451403
451463
451483
451727
452261
452369
453007
453443
453463
453493
453547
453689
453727
453751
453899
454099
454469
454957
455087
455369
455459
455467
455621
455839
455857
455887
455963
456017
456221
456593
456751
456917
457297
457361
457441
457753
458233
458389
458411
458431
458671
458723
458737
458933
459001
459499
459659
459869
459917
460043
460321
460363
460631
460639
460763
460879
461459
461473
461663
461753
461809
461927
461939
461959
461969
462127
462169
462223
462257
462317
462391
462523
462977
463027
463081
463349
463361
463367
463637
463699
463901
464041
464573
464719
464869
465043
465193
465601
466007
466309
466493
466591
466691
466727
466783
466793
466883
467069
467149
467231
467287
467323
467461
467771
467807
467839
467947
468287
468583
468649
468779
468791
468833
469211
469507
469537
469853
469873
469933
470369
470563
471059
471311
471319
471397
471413
471701
471773
471953
472061
472217
472357
472547
472621
472861
472987
473323
473359
473699
473717
473821
473849
473881
474251
474361
474457
474473
474577
474631
474731
474871
474883
475121
475177
475259
476011
476057
476263
476341
476453
476621
476933
476941
477157
477179
477349
477391
477403
477667
477703
477709
477749
478133
478333
478463
478487
478649
478783
478799
478969
478997
479069
479093
479359
479719
479737
479867
479993
480191
480239
480547
480637
480691
480721
480923
481391
481907
481927
482023
482431
482491
482567
482893
483001
483047
483101
483617
483779
483887
484009
484103
484247
484391
484513
484591
485077
485179
485189
485237
485239
485357
485449
485579
485789
485867
485869
485897
486209
486401
486623
486751
486763
486853
487001
487063
487153
487411
487633
487763
487801
488039
488177
488413
488479
488489
488561
488771
489271
489323
489347
489637
489779
489919
490051
490261
490403
490411
490489
490687
490717
491047
491063
491077
491123
491431
491597
491749
491779
491831
492143
492179
492181
492203
492277
492367
492493
492773
492851
492929
492977
493309
493343
493387
493421
493751
494059
494239
494321
494449
494467
494489
494623
494909
495281
495373
495493
495643
495917
496003
496129
496241
496411
496513
496541
496571
496597
496829
496933
497009
497027
497039
497129
497143
497179
497293
497347
497527
497543
497951
498229
498317
498347
498419
498473
498863
499013
499153
499381
499561
500039
500131
500303
500347
500377
500387
500639
500711
500767
500771
501289
501491
501499
501989
502009
502157
502357
502427
502561
502589
502693
502907
503011
503021
503051
503059
503203
503273
503807
504019
504193
504233
504239
504419
504467
504499
504703
504737
504769
505199
505423
505741
505829
505891
506029
506041
506477
506503
506557
506581
506771
506917
506951
507427
507469
507473
507527
507791
507833
508163
508177
508199
508201
508309
508337
508427
509017
509081
509189
509273
509387
509407
509437
509461
509491
509539
509627
509771
510259
510479
510641
510649
510877
510947
510953
510971
511493
511741
511759
511799
511883
511913
512143
512153
512327
512471
512489
512539
512557
512653
512893
512933
513151
513343
513413
513563
513581
513833
513911
514109
514307
514541
514727
514799
515057
515197
515443
515573
515617
515659
516083
516259
516311
516937
517031
517147
517397
517453
517537
517663
517771
517897
518009
518039
518051
518293
518321
518359
518569
518593
518633
518663
518671
518941
519313
519341
519437
519599
519689
519697
519763
519851
520061
520181
520187
520199
520207
520229
520441
520613
520669
520843
521291
521413
521431
521473
521837
521909
522433
522617
522713
522889
522911
523027
523087
523099
523147
523321
523339
523423
523619
523841
523951
524137
524717
524749
524779
525223
525227
525311
525323
525341
525647
525689
525797
525851
525991
526261
526301
526451
526567
526787
526817
527027
527077
527479
527531
527543
527647
527707
527719
527773
527903
527959
528007
528277
528557
528601
528653
528769
528851
528917
528949
529019
529189
529409
529481
529583
529651
529783
529799
530003
530107
530263
530459
530483
530657
530683
530821
530899
531137
531187
531313
531341
531379
531389
531721
531761
531803
531941
532339
532409
532459
532471
532481
532799
532891
532937
533047
533087
533131
533153
533161
533461
533683
533941
533983
534143
534197
534217
534419
534449
534689
534749
534757
534767
534959
535027
535069
535429
535981
536033
536071
536113
536131
536363
536381
536539
536713
537151
537253
537311
537419
537521
537601
537701
537707
537799
537851
538193
538243
538409
538619
538843
539069
539213
539377
539453
539477
539549
539569
539969
540031
540049
540053
540161
540223
540259
540649
540737
540767
540847
541039
541067
541109
541279
541319
541337
541687
541873
542029
542077
542257
542357
542681
542833
542863
542957
543293
543397
543577
543731
543817
544003
544121
544163
544189
544283
544351
544421
544457
544553
544619
544811
544967
544993
545107
545221
545323
545339
545359
545689
545803
545869
545977
546311
546419
546529
546577
546647
546673
546761
546773
547159
547279
547511
547531
547571
547693
547867
547969
548033
548057
548479
548627
548773
549047
549053
549077
549337
549673
549779
549881
550019
550051
550223
550339
550481
550483
550549
550619
550727
550897
551051
551279
551687
551791
551891
551923
551987
552157
552319
552337
552361
552367
552499
552533
552547
552781
552901
552911
552977
553183
553247
553283
553387
553429
553823
553879
553913
554111
554441
554479
554579
554809
554881
554903
554909
554989
555319
555329
555641
555773
555787
555817
555889
555911
555913
555949
555991
556337
556471
556571
556949
557009
557171
557173
557393
557771
557813
557827
557833
557867
557917
557933
557959
557983
557993
558013
558329
558361
558373
558443
558487
558697
558853
559019
559063
559087
559327
559411
559423
559619
559621
559697
559879
560267
560401
560743
560927
561233
561263
561293
561311
561427
561433
561571
561851
561971
562013
562087
562099
562109
562127
562157
562379
562451
563137
563347
563539
563659
563677
563729
563833
563879
563903
563909
563911
563957
564241
564481
564647
564721
564763
564841
564869
565051
565073
565129
565423
565541
565853
565861
566003
566081
566207
566327
566477
566483
566609
567023
567109
567191
567253
567293
567311
567419
567509
567583
567629
567769
567799
567887
568003
568067
568291
568333
568411
568501
568507
568511
568553
568567
568591
568693
568697
568717
568759
568861
569147
569287
569453
569477
569977
570007
570319
570341
570443
570593
570847
571187
571247
571301
571367
571457
571511
571537
571607
571639
571807
572149
572317
572681
572753
572839
573037
573043
573193
573431
573499
573581
573697
573731
573803
573889
574001
574069
574121
574267
574339
574381
574661
574663
574823
574829
574841
574897
574999
575051
575083
575269
575293
575381
575521
575803
576077
576139
576397
576599
576761
576833
576869
576871
576923
577021
577481
577519
577789
577943
578107
578129
578329
578423
578471
578723
578953
579211
579233
579361
579419
579697
579727
579749
579811
579889
579959
580003
580007
580189
580367
580453
580511
580523
580579
580597
580799
580949
581129
581167
581387
581461
581543
581579
581593
581629
581671
581717
581849
581897
581957
582089
582133
582193
582341
582479
582599
582919
582991
583109
583201
583507
583571
583663
583951
584189
584191
584201
584251
584293
584299
584501
584533
584741
584743
584957
584989
585083
585161
585209
585223
585239
585331
585407
585773
585859
586193
586199
586307
586343
586639
586697
586829
586877
586969
587177
587329
587663
587761
587777
587963
588001
588067
588139
588143
588209
588253
588701
588817
588983
589013
589079
589117
589397
589417
589423
589429
589597
589843
589907
590221
590231
590299
590467
590587
590783
590917
590977
591037
591191
591221
591247
591313
591713
591737
591967
592091
592171
592187
592271
592283
592771
592913
592997
593039
593269
593477
593569
593609
593729
593771
594043
594259
594437
594463
594589
594593
594613
594631
594851
594883
594887
595223
595433
595489
595591
595759
596039
596041
596051
596333
596437
596639
596681
596723
596777
596867
596881
596951
597061
597203
597343
597347
597557
597713
597791
597851
597871
597953
598019
598153
598321
598337
598469
598547
598573
598901
598907
598979
598991
599107
599197
599327
599329
599503
599527
599671
599969
600059
600079
600107
600121
600349
600499
600617
600709
600713
600757
601049
601063
601087
601129
601229
601343
601537
601723
601793
601847
601973
602159
602171
602491
602573
602579
602683
602809
603019
603089
603181
603241
603259
603329
603341
603709
604103
604183
604267
604297
604391
604763
604777
604847
604963
605063
605179
605197
605203
605273
605453
605459
605621
605821
605831
605923
606007
606191
606239
606371
606409
606427
606511
606517
606623
606637
606719
606787
606973
607027
607237
607459
607483
607543
607559
607613
607657
607687
608197
608249
608261
608351
608477
608771
608801
608813
608827
608921
609031
609061
609893
609953
610003
610091
610139
610153
610177
610381
610399
610411
610789
610873
610999
611029
611153
611161
611309
611383
611447
611489
611579
611861
611867
611981
612151
612197
612211
612413
612419
612433
612463
612569
612631
612701
612709
612779
612893
612917
613103
613307
613351
613429
613621
613927
614039
614069
614233
614281
614371
614461
614473
614777
614891
614987
615149
615169
615301
615359
615649
615763
615947
616081
616127
616183
616487
616571
616591
616747
616813
616937
617143
617171
617417
617483
617563
617569
617581
617611
617621
617663
617713
618073
618187
618391
618427
618487
618503
618517
618533
618767
618983
619193
619357
619453
619481
619631
619747
619847
620021
620119
620131
620273
620497
620677
620779
620801
620833
620969
620989
621077
621497
621553
621781
621787
621793
621917
622001
622057
622121
622163
622169
622211
622213
622309
622361
622411
622507
622553
622579
622691
622807
622961
623011
623039
623243
623377
623659
623773
623939
623981
624073
624103
624193
624353
624367
624439
624493
624571
624629
624647
624781
625021
625217
625249
625321
625357
625511
625561
625649
625721
625817
625873
625967
626039
626047
626257
626303
626387
626579
626737
626903
627031
627047
627199
627239
627401
627503
627553
627607
627677
628027
628123
628181
628211
628237
628247
628351
628723
628853
628871
628883
628933
629107
629173
629183
629347
629501
629507
629549
629597
629633
629647
629813
629933
629957
630089
630103
630359
630367
630449
630563
630601
630661
630673
630691
630761
630869
631021
631349
631451
631651
631973
631999
632003
632069
632119
632249
632579
632887
632969
633229
633239
633277
633293
633323
633439
633511
633779
633917
634057
634063
634349
634399
634507
634633
634801
634877
635029
635123
635231
635539
635573
635627
635741
635807
635963
636001
636127
636161
636179
636431
636491
636679
636683
636737
636743
636751
636907
637057
637183
637213
637253
637331
637361
637501
637579
637661
637753
637757
637807
637957
637981
638069
638189
638237
638257
638479
638611
638863
638921
638987
639077
639187
639203
639271
639427
639629
639889
639893
639971
640309
640331
640417
640487
640537
640603
640817
640831
641063
641071
641107
641119
641177
641209
641233
641351
641369
641591
641831
641899
641939
641941
642167
642221
642331
642401
642469
642703
642767
642841
642989
643037
643063
643141
643337
643607
643813
643843
643939
644027
644219
644251
644263
644477
644509
644591
644659
644773
644849
645059
645109
645181
645191
645241
645349
645413
645721
645773
645797
645899
646007
646127
646367
646769
646801
646951
646963
647123
647233
647239
647461
647467
647701
647791
647797
647971
648013
648103
648113
648149
648367
648467
648547
648749
648787
648883
649133
649139
649289
649331
649333
649373
649741
649763
649993
650171
650231
650263
650393
650521
650561
650569
650729
650791
650849
650899
650983
651011
651041
651059
651113
651229
651359
651433
651571
651611
651619
651823
652133
652177
652247
652391
652423
652537
652571
652823
653047
653069
653179
653227
653287
653291
653483
653509
653699
654079
654337
654377
654403
654461
654583
654637
654659
654707
654769
654919
655009
655051
655217
655297
655409
655411
655493
655609
655679
655691
655871
655931
655939
655957
656057
656069
656099
656101
656233
656503
656743
656759
656837
656893
656947
657023
657103
657119
657221
657367
657421
657521
657637
657817
657997
658363
658397
658457
658523
658627
658661
658877
659017
659033
659041
659119
659201
659273
659293
659297
659369
659389
659573
659641
659809
660173
660293
660461
660571
660587
660697
660713
660761
660871
661159
661429
661489
661559
661631
661643
661711
661747
661919
662153
662209
662237
662297
662381
662461
662723
662903
662933
663133
663181
663193
663227
663451
663457
663511
663647
663847
663889
664007
664073
664127
664189
664219
664291
664333
664463
664501
664831
664889
664903
664931
665263
665281
665317
665407
665491
665699
665807
665831
665879
665939
665971
665999
666137
666299
666331
666359
666509
666713
666917
666943
666949
667057
667099
667169
667291
667397
667453
667481
667567
667763
667871
667951
668053
668077
668113
668197
668281
668351
668431
668443
668641
668683
668783
668917
668957
668981
669043
669083
669217
669491
669497
669521
669593
670009
670273
670441
670661
670679
670697
670753
670907
670961
670981
671009
671051
671311
671317
671371
671389
671423
671459
671521
671569
671659
671963
671989
672233
672263
672319
672389
672409
672461
672611
672677
672839
672853
673147
673163
673229
673243
673357
673559
673627
673691
673703
673901
674147
674351
674381
674413
674459
674507
674539
674549
674881
674923
674969
675007
675107
675193
675329
675383
675403
675443
675637
675641
675667
675677
675683
675709
675737
675793
676033
676139
676163
676271
676567
676579
676639
676811
676849
676853
676873
677489
677777
677821
677867
677869
677921
678019
678331
678467
678529
678703
678751
678817
678863
678967
679027
679043
679057
679141
679181
679253
679429
679817
679841
679997
680101
680423
680429
680551
680609
680621
680671
680747
680893
680947
680951
680957
681013
681119
681157
681199
681203
681211
681383
681437
681469
681491
681661
681749
682103
682223
682267
682543
682559
682681
682757
682813
682817
682919
683029
683093
683203
683369
683509
683561
683729
684107
684161
684253
684553
684583
684623
684701
684721
684781
684877
684899
684997
685171
685207
685229
685303
685583
685603
685651
685667
685771
685787
685801
685897
686303
686467
686471
686531
686599
686779
686821
687133
687199
687367
687377
687601
687761
687811
688241
688361
688399
688421
688439
688469
688549
688673
688819
688927
689009
689083
689147
689189
689449
689627
689659
689683
689753
689837
689863
690077
690169
690197
690199
690227
690247
690497
690619
690647
690857
690883
691217
691291
691367
691423
691643
691751
691783
691879
691927
691939
692077
692207
692443
692473
692609
692623
692693
692749
692831
692833
692891
692953
692977
693053
693247
693271
693313
693347
693389
693853
693863
694021
694103
694139
694151
694403
694643
694691
694711
694907
694921
694931
695027
695137
695209
695273
695399
695531
695683
695693
695803
695887
695977
695993
696191
696431
696593
696637
696649
696767
696769
696947
697219
697343
697349
697483
697679
697987
698057
698069
698149
698167
698333
698431
698519
698549
698657
698851
698857
698897
698941
698963
698969
699163
699199
699247
699301
699331
699341
699359
699613
699779
699833
699871
699893
699901
699983
700291
700313
700333
700439
700517
700559
700613
701111
701263
701321
701429
701513
701677
701759
701801
702019
702157
702209
702463
702619
702643
702799
702901
702929
703009
703177
703187
703253
703289
703403
703597
703621
703687
703697
703751
703771
703841
703853
703891
704129
704173
704203
704267
704471
704827
704923
704987
705083
705239
705311
705371
705431
705511
705539
705563
705671
705877
705917
705941
705977
706177
706327
706609
706691
706711
706777
706789
706873
706939
706957
706969
707023
707087
707137
707171
707309
707323
707419
707449
708079
708523
708613
708727
708739
708811
708817
709081
709133
709229
709309
709459
709493
709637
709759
709781
709811
710113
710167
710173
710249
710279
710287
710387
710393
710453
710681
710797
710869
711013
711197
711247
711289
711401
711527
711647
711743
711803
712031
712091
712111
712193
712207
712337
712399
712403
712421
712423
712469
712529
712729
712741
712919
713057
713087
713179
713387
713579
713641
713701
713707
713729
713749
713803
713809
714053
714319
714347
714379
714401
714491
714607
714613
714631
714641
714661
714929
714941
715333
715381
715399
715427
715667
715703
715721
715769
715997
716101
716113
716141
716333
716341
716371
716467
716843
716867
716879
716957
716993
717181
717523
717569
717571
717583
717781
717823
717833
717901
717907
717949
717973
718079
718117
718217
718231
718297
718481
718507
718787
718889
718951
718969
719023
719087
719309
719357
719399
719437
719501
719651
719843
719897
720017
720077
720259
720287
720457
720509
720539
720553
720667
720673
720701
720799
721151
721421
721423
721453
721493
721681
721771
721801
722003
722089
722263
722329
722429
722471
722473
722507
722587
722597
722699
722731
722879
722923
723253
723301
723629
723689
723713
723817
723889
723953
724057
724133
724151
724177
724301
724307
724657
724663
724819
724849
724859
724943
725063
725117
725233
725239
725279
725471
725707
725771
725869
725911
725947
726029
726067
726119
726217
726241
726281
726343
726403
726437
726443
726581
726587
726613
726709
726833
726877
727033
727361
727393
727543
727631
727751
727841
727999
728227
728243
728339
728347
728587
728677
728797
728879
728983
729007
729013
729083
729167
729221
729397
729401
729853
729983
730001
730027
730127
730211
730241
730309
730349
730369
730463
730801
730831
730859
730979
731021
731039
731123
731309
731417
731551
731677
732007
732019
732031
732349
732379
732397
732443
732451
732463
732577
732593
732661
732727
732857
733049
733151
733163
733319
733441
733541
733543
733549
733589
733727
733763
733853
733877
734089
734099
734243
734533
734579
734683
734753
735023
735047
735323
735349
735577
735589
735797
735803
735841
735887
735899
736019
736081
736103
736139
736163
736171
736213
736291
736301
736313
736451
736523
736651
736669
736751
736783
736829
736907
736999
737161
737237
737369
737419
737791
737983
737993
738233
738281
738337
738467
738559
738607
738629
738679
738719
738821
738901
738931
739033
739073
739139
739159
739547
739577
739589
739591
739597
739831
739913
739961
740057
740093
740269
740291
740413
740567
740587
740657
740771
740813
740837
740963
741017
741289
741317
741379
741383
741407
742267
742303
742319
742361
742421
742529
742597
742631
742669
742727
742793
742871
743419
743437
743467
743471
743497
743569
743623
743683
743723
743741
743753
743761
744011
744013
744131
744193
744229
744241
744467
744509
744647
744697
744907
744943
745153
745159
745163
745211
745289
745309
745483
745651
745949
745991
746003
746021
746269
746297
746321
746357
746461
746519
746587
746593
746699
746731
746789
746927
747041
747101
747121
747217
747367
747491
747749
747809
747931
747961
748063
748081
748151
748369
748393
748421
748607
748739
748747
748967
748997
749251
749369
749459
749537
749599
749687
749699
749719
749753
749977
750011
750089
750187
750511
750583
750611
750649
750677
750773
750793
750847
750859
750889
750979
750991
751031
751117
751313
751493
751561
751589
751603
751649
751741
751831
751903
752249
752461
752597
752659
752783
752909
752953
753041
753121
753149
753199
753323
753343
753349
753377
753397
753419
753667
753829
753881
753887
753997
754139
754141
754151
754231
754291
754499
754519
754591
754603
754729
754759
754847
755017
755063
755219
755221
755263
755353
755407
755669
755723
755779
755927
755971
756209
756337
756611
756643
756659
756731
756779
756781
756851
756859
756883
757013
757021
757037
757117
757189
757261
757447
757637
757717
757759
757817
757831
757901
757921
758027
758033
758077
758143
758281
758293
758447
758497
758509
758603
758717
758873
759383
759439
759527
759541
759817
759827
759859
759907
759919
759937
760013
760033
760139
760159
760271
760303
760751
760763
760811
760819
760867
760973
761029
761063
761269
761339
761419
761587
761851
761909
761933
761987
761989
762029
762079
762133
762173
762217
762269
762623
762709
762859
762911
762991
763057
763151
763229
763241
763387
763687
763813
764077
764107
764177
764213
764297
764329
764333
764377
764567
764663
764713
764761
764791
764861
764923
765253
765269
765403
765481
765563
765637
765679
765703
766033
766043
766069
766121
766123
766193
766243
766319
766391
766417
766693
766771
766841
767009
767099
767209
767477
767519
767821
767849
767927
767989
768017
768283
768517
768611
768679
768743
768899
768917
768997
769099
769121
769217
769277
769333
769621
769841
769843
770093
770141
770383
770633
770681
770683
770699
770723
770893
770977
771041
771083
771107
771151
771193
771347
771383
771493
771601
771689
771713
771767
771847
771871
771977
772007
772111
772243
772561
772637
772643
772679
772801
772883
772897
772999
773089
773131
773203
773309
773519
773621
773671
773887
774031
774253
774281
774391
774409
774443
774563
774623
774689
774727
774899
774937
775051
775111
775139
775207
775211
775253
775427
775459
775499
775609
775769
775783
775891
775921
775969
775993
776129
776353
776689
776761
776773
776803
776903
776981
777047
777083
777131
777163
777299
777409
777487
777503
777533
777701
777713
777773
777823
777853
777899
777923
778207
778279
778381
778499
778669
778747
778781
778949
778997
779029
779113
779147
779179
779227
779243
779279
779299
779321
779381
779407
779431
779497
779917
779957
779959
780089
780097
780139
780289
780467
780497
780547
780557
780569
780581
780641
780727
780839
780893
780979
781159
781237
781447
781553
781663
781901
781981
782027
782167
782233
782303
782413
782423
782531
782549
782699
782741
782801
782827
782893
783017
783049
783103
783169
783221
783353
783451
783577
783611
783637
783851
783907
783943
783977
783983
784027
784079
784177
784237
784253
784319
784429
784591
784607
784639
784811
784813
784991
785063
785149
785297
785387
785507
785539
785557
785789
785867
786073
786113
786133
786143
786187
786193
786281
786389
786479
786523
786911
787133
787223
787231
787279
787351
787399
787481
787499
787583
787637
787687
787789
787799
787909
788083
788119
788131
788201
788323
788441
788551
788573
788743
788759
789071
789143
789233
789301
789319
789421
789499
789707
789809
789827
789991
790037
790081
790157
790213
790247
790249
790253
790393
790463
790477
790679
790921
791279
791281
791383
791429
791459
791509
791533
791611
791701
791953
792089
792221
792347
792437
792611
792719
792767
792839
792917
793057
793097
793157
793267
793349
793483
793531
793697
793861
793907
793921
794083
794093
794177
794237
794267
794329
794377
794429
794533
794609
794611
794701
794791
794813
794839
794873
795061
795163
795247
795313
795341
795391
795439
795607
795811
795841
795953
796031
796153
796207
796249
796457
796529
796547
796723
796771
796811
796837
796963
797191
797213
797231
797371
797513
797519
797527
797603
797651
797891
798011
798073
798181
798289
798313
798509
798619
798739
798829
798851
798907
798947
798991
799067
799129
799133
799261
799367
799537
799567
799639
799703
799709
799793
799811
800249
800339
800461
800609
800633
800713
800881
801149
801169
801191
801221
801523
801643
801719
801721
801727
801793
801847
801881
801953
802003
802117
802303
802429
802537
802591
802673
802717
802819
802843
802889
803009
803017
803107
803123
803147
803177
803291
803293
803401
803527
803599
803633
803701
803711
803843
803903
803951
804071
804101
804173
804413
804437
804467
804509
804527
804539
804637
804691
804883
804959
805303
805319
805489
805549
805747
805787
805951
805957
805963
805979
806243
806249
806419
806437
806557
806573
806623
806681
806779
806851
806989
807019
807029
807043
807049
807073
807223
807361
807421
807437
807641
807661
807713
807727
807761
807791
807979
808057
808103
808207
808219
808253
808273
808319
808321
808403
808499
808547
808567
808631
808943
809009
809033
809113
809161
809233
809321
809327
809537
809573
809639
809687
809773
809911
809933
810107
810127
810157
810613
810631
810647
810683
810721
810877
810959
811201
811229
811313
811339
811397
811477
811579
811751
811963
812059
812083
812099
812143
812219
812239
812369
812423
812533
812663
812873
812897
812909
812941
812971
812993
813077
813101
813359
813389
813451
813473
813509
813611
813691
813737
813823
814189
814357
814483
814573
814621
814661
814669
814733
814817
814819
814907
814909
815057
815071
815117
815153
815183
815239
815263
815357
815363
815377
815593
815597
815909
815959
816059
816071
816281
816337
816349
816407
816421
816461
816671
816721
816913
817261
817447
817451
817477
817657
817693
817699
817961
817963
818039
818243
818299
818381
818407
818449
818491
818537
818557
818627
818759
818761
818791
818833
818933
818981
819041
819341
819347
819517
819529
819541
819551
819557
819703
819839
819953
820153
820217
820283
820307
820531
820783
820843
820871
820931
821017
821071
821111
821201
821213
821413
821417
821539
821543
821567
821633
821669
821699
821707
821749
822061
822127
822193
822397
822403
822427
822439
822659
822859
823079
823091
823159
823301
823343
823379
823411
823847
823909
823943
823987
824023
824071
824363
824371
824519
824533
824567
824717
824737
824743
824851
824917
824969
825089
825173
825257
825463
825497
825563
825589
825619
825817
825887
825989
826031
826127
826219
826237
826249
826277
826337
826409
826513
826517
826757
826841
827083
827117
827137
827207
827219
827371
827401
827513
827531
827557
827569
827881
827909
827971
828031
828083
828143
828173
828259
828263
828271
828353
828389
828463
828479
828521
828719
828827
829007
829021
829373
829607
829663
829681
829769
829891
829897
829931
829981
830101
830113
830171
830239
830251
830303
830407
830429
830519
830653
830903
831119
831211
831377
831449
831601
831673
831773
832033
832037
832087
832147
832199
832289
832501
832859
833081
833089
833233
833381
833387
833411
833471
833533
833551
833699
833803
833881
833941
833971
833983
834079
834089
834121
834293
834307
834331
834389
834443
834521
834667
834763
834817
834919
834929
834943
834971
835007
835187
835223
835231
835277
835301
835309
835537
835697
835781
835903
836053
836141
836197
836201
836293
836461
836483
836489
836543
836581
836599
836777
836999
837181
837209
837227
837247
837289
837323
837329
837337
837449
837457
837647
837649
837751
837763
837787
837799
837829
837971
837973
838001
838009
838183
838231
838241
838267
838289
838307
838381
838499
838501
838637
838823
838847
838867
838979
839159
839243
839383
839407
839507
839513
839593
839737
839777
839941
839989
840173
840251
840283
840373
840401
840461
840517
840551
840559
840577
840773
840799
840947
841171
841303
841499
841507
841543
841583
841627
841649
841717
841747
841843
841901
841949
842431
842459
842603
842629
842689
842713
842861
843023
843041
843151
843343
843373
843413
843419
843439
843499
843593
843599
843683
843827
843839
843937
843949
843991
844021
844097
844367
844397
844541
844693
844751
844871
844889
845093
845149
845311
845323
845419
845479
845497
845501
845569
845573
845617
845629
845651
845837
846103
846173
846211
846319
846409
846451
846467
846551
846553
846737
846761
846793
846809
846941
847141
847211
847241
847303
847307
847397
847667
847747
847783
847879
847981
848059
848063
848093
848117
848207
848311
848329
848503
848513
848641
848767
849077
849139
849193
849239
849287
849389
849403
849451
849491
849517
849521
849553
849769
849859
849887
849907
849911
850037
850111
850159
850219
850259
850313
850441
850589
850607
850621
850693
850739
850769
850859
850921
851269
851317
851509
851567
851579
851737
851927
851993
852029
852067
852077
852343
852361
852377
852479
852503
852619
852637
852767
852773
852821
852877
852911
852931
853019
853067
853117
853261
853327
853351
853393
853453
853471
853487
853591
853607
853751
853861
854239
854291
854429
854537
854597
854603
854653
854687
854699
854723
854767
854773
854839
854941
855097
855193
855223
855233
855263
855451
855469
855691
855929
855971
856151
856357
856403
856423
856433
856619
856679
856829
857149
857251
857257
857317
857323
857359
857393
857449
857587
857627
857729
857767
857999
858071
858343
858349
858367
858569
858587
858617
858677
858791
858829
858929
858973
859153
859169
859253
859337
859421
859451
859457
859627
859759
859897
859961
859967
860017
860191
860411
860443
860471
860677
860737
860767
861103
861229
861233
861277
861283
861307
861313
861331
861461
861529
861629
861737
861953
861961
862091
862093
862577
862613
862691
862717
862781
862793
862853
862871
862931
862949
863059
863183
863297
863327
863339
863441
863459
863477
863519
863587
863713
863717
863761
863773
863927
863977
864089
864109
864371
864401
864529
864713
864779
864791
864821
864839
864923
864973
865009
865021
865187
865369
865663
865673
865883
865901
865903
865981
866023
866141
866189
866339
866363
866423
866531
866587
866599
866611
866669
866687
866731
866753
866959
867107
867137
867311
867403
867497
867523
867989
868061
868079
868141
868183
868201
868363
868507
868591
868709
868843
869107
869149
869177
869207
869221
869347
869353
869387
869527
869549
869621
869633
869647
869749
869831
869881
869969
870053
870071
870167
870293
870347
870469
870473
870521
870539
870767
870913
871081
871121
871139
871279
871307
871361
871411
871699
871721
871841
871847
871859
871921
872051
872087
872147
872171
872191
872299
872303
872401
872633
872653
872717
872723
872759
872779
872783
872819
872821
872869
872881
872887
873071
873127
873181
873203
873253
873283
873413
873473
873557
873559
873941
874007
874043
874189
874201
874219
874309
874339
874369
874469
874493
874751
874849
874997
875023
875047
875053
875123
875321
875549
875573
875723
875747
875807
875879
875911
875977
875989
876247
876289
876391
876859
876919
876961
877007
877033
877039
877069
877147
877193
877433
877447
877483
877649
877717
877967
877991
878069
878233
878329
878357
878429
878741
878771
878981
879017
879029
879079
879091
879101
879337
879383
879397
879419
879421
879443
879503
879569
879611
879763
879787
879913
880093
880111
880123
880207
880333
880351
880387
880391
880459
880567
880697
880757
880777
880837
880937
881053
881123
881129
881149
881227
881381
881557
881627
881693
881717
881731
881753
881759
881789
881791
881851
881941
881971
882053
882097
882107
882131
882221
882311
882407
882559
882619
882769
882839
882977
883313
883387
883567
883651
883657
883789
883801
883873
884063
884071
884137
884161
884237
884339
884449
884473
884479
884551
884581
884759
884777
884801
884839
884893
885043
885089
885119
885179
885221
885281
885337
885349
885439
885541
885593
885613
885617
885629
885851
886139
886169
886201
886267
886399
886423
886447
886553
886657
886687
886763
886931
886957
887011
887027
887071
887119
887339
887347
887473
887531
887539
887687
887863
887983
888317
888331
888401
888523
888577
888583
888673
888733
888907
888929
888977
889033
889079
889121
889129
889223
889403
889463
889529
889667
889723
889753
889949
889969
890047
890081
890179
890189
890249
890311
890389
890423
890689
890699
890713
890741
890947
891127
891131
891229
891269
891283
891437
891479
891581
891623
891757
891857
891911
892061
892081
892277
892327
892343
892349
892427
892453
892501
892631
892651
892681
892799
892897
892961
892963
893071
893483
893507
893663
893687
893773
893807
893831
893899
894001
894017
894307
894317
894347
894367
894479
894533
894601
894757
894797
894889
894937
894983
895031
895099
895177
895267
895331
895417
895439
895513
895693
895711
895943
896023
896081
896213
896227
896407
896437
896459
896501
896503
896569
896579
896641
896657
896759
896773
896849
896891
896899
897041
897181
897293
897353
897683
897739
897863
897893
897901
897913
898031
898169
898343
898379
898441
898451
898531
898559
898697
898741
898837
898861
898949
898967
898991
898993
898999
899111
899299
899363
899383
899399
899407
899501
899539
899543
899557
899621
899683
899777
899813
899867
900083
900181
900203
900373
900437
900499
900637
900707
900727
900853
900857
900877
900899
901091
901123
901129
901259
901363
901543
901609
901699
901723
901783
901793
901847
901951
902059
902243
902257
902323
902491
902609
902801
902809
902831
902893
902897
902929
903101
903121
903137
903139
903169
903307
903377
903587
903589
903653
903797
903823
903853
903893
903911
904159
904187
904223
904231
904279
904439
904493
904741
904807
904991
905033
905089
905153
905183
905221
905287
905393
905563
905627
905741
905837
905867
905887
905903
905941
905987
906079
906097
906239
906251
906341
906359
906379
906467
906721
906739
906811
907013
907061
907219
907411
907547
907553
907607
907633
907769
907853
907873
907883
908009
908023
908111
908119
908189
908231
908267
908311
908507
908689
908693
909079
909157
909197
909263
909277
909413
909583
909647
909661
909709
909827
909893
909947
910073
910079
910187
910373
910489
910543
910549
910601
910729
910753
910933
910963
910969
910991
911083
911203
911399
911429
911497
911531
911611
911623
911809
911849
911857
911887
911993
912001
912139
912143
912181
912277
912623
912707
912757
912803
912811
912841
912913
912943
913057
913117
913147
913207
913313
913361
913391
913403
913547
913681
913711
913777
913901
913961
913967
914143
914171
914383
914387
914497
914633
914707
914989
914999
915011
915133
915163
915209
915281
915293
915319
915323
915349
915359
915449
915517
915521
915581
915619
915643
915749
915913
915953
915989
916001
916133
916207
916243
916271
916439
916709
916739
916819
916843
916957
916969
917027
917057
917069
917143
917177
917347
917369
917417
917437
917479
917551
917561
917597
917797
917977
918077
918163
918241
918271
918473
918553
918557
918713
918739
918791
918847
918887
918941
919091
919159
919199
919291
919357
919361
919537
919573
919601
919829
919957
919973
919991
920077
920131
920383
920453
920629
920639
920681
920929
920993
921023
921071
921181
921211
921269
921397
921419
921469
921551
921577
921593
921631
921691
921727
921799
921941
921983
922177
922189
922349
922399
922409
922477
922547
922843
922847
922949
922979
923011
923093
923269
923569
923759
923777
923827
924029
924167
924169
924229
924233
924257
924449
924461
924481
924487
924563
924569
924619
924739
924883
925003
925219
925277
925363
925417
925459
925591
925763
925811
925817
925931
925993
926021
926047
926071
926137
926213
926243
926267
926291
926663
926791
926873
926909
926911
927151
927211
927239
927271
927343
927527
927851
927881
927907
928007
928033
928201
928229
928259
928309
928373
928379
928393
928519
928531
928567
928721
928943
928987
929017
929041
929167
929219
929221
929231
929317
929353
929371
929413
929447
929521
929563
929633
929833
930091
930131
930227
930247
930353
930401
930421
930451
930463
930497
930623
930701
930703
930901
930947
930949
930967
931027
931033
931061
931081
931159
931349
931373
931453
931559
931603
931831
931867
931979
932069
932143
932237
932251
932287
932329
932509
932531
932543
932741
932777
932797
932891
932993
933137
933287
933353
933461
933599
933661
933683
933733
933841
934163
934169
934189
934279
934511
934601
934727
934741
934823
934937
934987
935083
935117
935171
935219
935269
935309
935317
935419
935437
935647
935741
935749
935773
935873
935941
936041
936083
936209
936269
936347
936409
936461
936503
936589
936601
936701
936791
936799
936857
936863
936931
936959
937103
937163
937169
937361
937439
937507
937513
937553
937649
937757
937759
937999
938081
938137
938177
938297
938299
938321
938477
938503
938521
938557
938629
938633
938719
938779
938797
938887
938891
938957
939101
939241
939559
939647
939667
939691
939733
939787
940091
940123
940129
940243
940393
940439
940451
940487
940603
940741
940843
940859
940867
941029
941063
941077
941107
941113
941257
941357
941387
941527
941533
941711
941767
941789
941881
941923
942083
942119
942197
942323
942373
942481
942671
942737
942833
942881
942911
942919
943001
943193
943223
943247
943259
943309
943531
943703
943927
943973
944131
944159
944171
944347
944423
944483
944549
944569
944597
944627
944759
944837
944891
944971
945101
945127
945137
945181
945187
945229
945271
945379
945433
945493
945509
945821
945827
945853
945859
945869
945977
946039
946147
946247
946303
946313
946343
946529
946613
946639
946651
946711
946831
947021
947123
947153
947213
947231
947249
947273
947281
947339
947477
947489
947503
947689
947951
948137
948203
948217
948257
948301
948361
948373
948509
948523
948667
948743
948809
948811
948919
948979
949181
949321
949327
949393
949469
949537
949573
949661
949681
949783
949799
950017
950141
950167
950189
950297
950303
950353
950413
950489
950561
950603
950701
950821
951169
951179
951253
951383
951443
951527
951563
951619
951737
951857
951877
951889
951913
951989
952031
952283
952327
952339
952571
952631
952727
952801
952951
952999
953063
953159
953167
953233
953257
953269
953299
953357
953429
953441
953531
953569
953573
953597
953633
953893
953951
954049
954061
954113
954137
954179
954271
954449
954493
954631
954803
954823
954841
955049
955099
955117
955393
955411
955429
955517
955523
955609
955639
955667
955733
955837
956089
956141
956201
956203
956209
956411
956467
956509
956537
956603
956677
956807
957013
957067
957149
957197
957269
957427
957461
957527
957613
957647
957679
957727
957779
957791
957799
957919
958031
958099
958201
958207
958267
958297
958453
958483
958561
958597
958831
958879
958891
958913
958999
959027
959111
959213
959221
959311
959501
959503
959551
959657
959711
959797
959821
959999
960067
960283
960367
960371
960391
960433
960481
960529
960563
960571
960761
960859
960881
960919
961013
961171
961253
961307
961357
961391
961439
961481
961501
961577
961717
961801
961859
961903
962069
962089
962167
962173
962201
962239
962261
962287
962327
962347
962411
962473
962501
962593
962657
962917
962933
963013
963023
963037
963317
963353
963371
963383
963533
963671
963733
963791
963857
963971
964031
964099
964127
964141
964169
964399
964409
964603
964657
964729
964811
964949
964993
965021
965119
965137
965231
965281
965389
965477
965593
965689
965807
965869
965873
965971
965981
966047
966061
966079
966187
966457
966571
966643
966689
966703
966709
966731
966761
966767
966827
966839
966887
967009
967093
967223
967331
967367
967433
967523
967553
967609
967717
967849
967921
967927
968039
968081
968087
968129
968171
968203
968207
968293
968393
968399
968417
968447
968551
968651
968797
968923
968987
969149
969203
969307
969379
969389
969413
969491
969541
969581
969583
969601
969737
969781
969811
969853
969949
969973
970049
970129
970141
970171
970379
970663
970741
970759
970979
971011
971101
971107
971231
971293
971573
971609
971743
971797
971807
971909
971963
972019
972053
972299
972317
972331
972421
972449
972593
972659
972691
972707
973013
973019
973039
973079
973207
973303
973319
973457
973519
973543
973619
973633
973717
973831
973859
973949
974011
974047
974069
974153
974203
974221
974243
974327
974341
974521
974527
974573
974641
974731
974741
974791
974929
975059
975301
975449
975679
975703
975757
975773
975833
975839
975979
976007
976181
976219
976243
976357
976363
976379
976421
976441
976523
976663
976687
976711
976861
976897
976901
977029
977051
977287
977297
977401
977419
977489
977617
977699
977827
977869
977917
978251
978361
978529
978533
978553
978559
978583
978739
978847
978941
978959
978961
979049
979091
979129
979169
979247
979249
979289
979453
979513
979571
979579
979609
979619
979703
979739
979751
979763
979877
979933
979943
980017
980051
980183
980263
980323
980347
980387
980563
980653
980699
980929
981107
981251
981317
981353
981371
981413
981503
981557
981649
981671
981803
981829
981839
981907
982013
982327
982411
982451
982469
982543
982601
982691
982717
982733
982837
982873
982879
982907
982913
982963
983293
983509
983551
983561
983623
983681
983683
983729
983743
983833
983837
983887
983897
983933
983947
984023
984077
984169
984229
984433
984449
984553
984787
984857
984871
985091
985147
985349
985373
985381
985669
985793
985889
985909
985961
986021
986057
986077
986093
986159
986243
986311
986317
986371
986407
986611
986627
986683
986873
986939
986987
987017
987109
987121
987187
987307
987439
987527
987589
987709
987743
987817
987841
987947
988027
988121
988301
988423
988531
988543
988667
988709
988769
988777
988991
988997
989063
989363
989399
989407
989447
989449
989537
989543
989701
989717
989789
989983
990061
990133
990167
990203
990257
990317
990421
990427
990557
990569
990571
990617
990629
990779
990833
990839
990859
991019
991033
991241
991301
991351
991391
991519
991583
991609
991759
991847
991853
991891
992039
992041
992071
992149
992399
992419
992447
992543
992753
992779
992909
992939
993017
993059
993101
993131
993227
993313
993403
993547
993659
993673
993791
993809
993901
994043
994111
994157
994171
994223
994261
994349
994519
994627
994649
994733
994979
995039
995221
995297
995359
995437
995453
995473
995563
995629
995723
995749
995779
995857
995867
995873
995879
995893
995971
996007
996031
996101
996137
996139
996349
996397
996473
996497
996577
996673
996691
996713
996719
996907
996977
997181
997313
997351
997361
997393
997457
997517
997523
997537
997613
997943
998059
998171
998299
998321
998341
998401
998447
998483
998533
998579
998771
998863
998873
998911
998923
998953
998981
999017
999157
999227
999319
999367
999461
999463
999697
999731
999743
999877
999919
999941
999997
